0 0.21369466 0.3542506 0.14981109944653256 0.11921857817227899
0 0.4676762 0.30272597 0.14204235911760252 0.10704978880455536
0 0.08489983 0.30093545 0.15496341998198068 0.10851734898815497
0 0.32696941 0.49326646 0.1424630135362096 0.10421630329032054
0 0.36496884 0.3203509 0.09742985570845625 0.0918649216539073
0 0.3881665 0.63640684 0.15742722331933828 0.15753380615135004
0 0.29109687 0.2851934 0.09637767673406956 0.09156693498254
0 0.7393264 0.49421316 0.2422620854048679 0.1811913717173714
0 0.6692975 0.32131237 0.1150067096607944 0.14803123036916555
0 0.5390379 0.3412691 0.09386456286284964 0.12497935553914236
0 0.5721141 0.47157618 0.15004942665155557 0.11011039434277073
0 0.74069023 0.73209506 0.4981691058747013 0.27769401245305625
