0 0.18811467 0.964111 0.1532771151226374 0.0683712198479399
0 0.23543268 0.24613963 0.18618487701089054 0.14013185827363842
0 0.70122117 0.45961696 0.20054037716467782 0.08929273731588296
0 0.3139824 0.34923872 0.20508923105020846 0.07961810282174658
0 0.8752317 0.30070302 0.2084407671806561 0.0762566892494239
0 0.5606866 0.85687596 0.19980933719581087 0.1605898122233959
0 0.9099306 0.5981029 0.12873588385905105 0.11543252862857781
0 0.938556 0.9719296 0.15264712182268095 0.0517477565957984
0 0.041817233 0.9351277 0.0722895075107815 0.11319172551162127
0 0.96156317 0.04325153 0.06592529568128093 0.07108903008615412
0 0.49186936 0.053164758 0.2060963337700907 0.09956621416880707
0 0.639011 0.047538556 0.2254088327333384 0.08978802452969693
