0 0.78583443 0.9553391 0.17855489182374445 0.10599110159070861
0 0.33128592 0.4377898 0.18167400067217546 0.06504815663645945
0 0.7397227 0.20538142 0.1506095245250143 0.15450689573779247
0 0.11304441 0.2967458 0.18999395631286856 0.06751033721502135
0 0.44811836 0.8357834 0.1933257383690684 0.10414155098434572
0 0.689703 0.34331232 0.18171510051798143 0.1240500622127685
0 0.95899457 0.9485181 0.08730611079141205 0.12282870164233758
0 0.29954875 0.9696037 0.1299556955948233 0.04795648331087653
0 0.10253564 0.60468674 0.153336244376691 0.13773614572905724
0 0.53660643 0.044177614 0.1659946755127368 0.0897733758255648
0 0.7147727 0.030121665 0.16063424145874913 0.056995783334808266
