0 0.42820147 0.23743613 0.10410685715537789 0.25941006509182746
0 0.5332734 0.2597289 0.09477678222845454 0.24897297614220992
0 0.21664907 0.15774944 0.09728351840992323 0.23433214753606663
0 0.32549533 0.2021485 0.09689584845868619 0.2726767802499274
0 0.6237158 0.1609983 0.10617073100772213 0.22048917634325835
0 0.5134447 0.6060336 0.13518584129848654 0.4655238464202931
0 0.7477897 0.18092483 0.14077074082200222 0.3365260839658847
0 0.7490721 0.4402184 0.1412804508982726 0.3988803092083182
0 0.63993293 0.46682668 0.10821547421696202 0.35206615783224815
0 0.093525104 0.1860495 0.14154409755005684 0.3253973442176867
0 0.24566165 0.5543228 0.09993420929982998 0.4466031714141978
0 0.40148354 0.4439384 0.09987449732296322 0.33759413448729997
0 0.13399307 0.43354574 0.11813364630182438 0.40907081008437585
0 0.8858327 0.24148247 0.14943924170200143 0.6074023036263881
