0 0.42866355 0.3383705 0.08975397949637931 0.2031413840500102
0 0.2963079 0.11485894 0.09132993992260044 0.21963302401465895
0 0.1553203 0.73499686 0.14549478060674562 0.1562288351115186
0 0.78354406 0.45557198 0.11572765277961972 0.1700997616824913
0 0.30479515 0.7069464 0.12185274018878495 0.16789149239686046
0 0.9503309 0.30336884 0.08435614568878462 0.1809389361747704
0 0.94380164 0.78841925 0.08841489223182475 0.15324766778838644
0 0.5862249 0.060753684 0.0768523295229651 0.127133615338607
0 0.033299696 0.03438721 0.07889570412262407 0.07197491570645326
0 0.9294263 0.95774287 0.11806172402094324 0.07718013535262609
0 0.64343816 0.048539225 0.031227550743779597 0.07558409628248366
0 0.023888191 0.4978263 0.04538745170752273 0.14003207750129584
