0 0.53354424 0.4820424 0.07678941444199341 0.1172686624884685
0 0.68510056 0.5449632 0.08892486151107848 0.1548766638295358
0 0.71343297 0.38381493 0.09625897744390799 0.14855136212963072
0 0.67487144 0.70859593 0.055618059654416366 0.10197987171424178
0 0.63867456 0.33799016 0.09537687904261824 0.1547647720134894
0 0.372501 0.6366821 0.07955457173117263 0.1223146194886471
0 0.25976562 0.28590715 0.13960335034275206 0.19897690946024868
0 0.56967396 0.6237088 0.07529592484800628 0.24308163206368708
0 0.3544129 0.7165757 0.08088215982541906 0.11610851374725757
0 0.10393932 0.36736807 0.1778808958677765 0.6917956130977185
0 0.51796764 0.34078264 0.10204621345427876 0.1400563256256374
0 0.36907125 0.49716628 0.09732925178245397 0.34182507009258195
0 0.23997897 0.6769248 0.08411831367088299 0.12120334670294357
0 0.47297567 0.61581224 0.0636215439047983 0.1448881122122293
0 0.23077977 0.5770252 0.08291763111509642 0.20716885929547663
0 0.26232386 0.17230569 0.1863088930653774 0.3479336530131463
0 0.6805565 0.58780855 0.07524195840015971 0.10336401361708317
0 0.5680121 0.6518608 0.08337245433199358 0.11064375034131602
