0 0.4217137 0.34543642 0.09965091623709166 0.20118742675879717
0 0.29526937 0.12059338 0.09049864094066949 0.22010712759789022
0 0.7533428 0.45748287 0.087004851853239 0.17355944066102996
0 0.9309286 0.29952353 0.10847120430445191 0.17869422219974523
0 0.15557666 0.74639195 0.1527302161724398 0.16044273948909624
0 0.278614 0.7302829 0.14345666248695485 0.20730441683933326
0 0.03291367 0.03883063 0.07605356799228047 0.07726869456931285
0 0.582371 0.05130729 0.075354734423117 0.131256744295329
0 0.9347068 0.9563528 0.12724602604304958 0.0803933696465924
0 0.9561915 0.7986627 0.08167242148688432 0.13312514782795828
