0 0.36222115 0.384282 0.08569026748995535 0.12671119980391282
0 0.50201315 0.39978537 0.0971590415618064 0.12861527576008835
0 0.4200469 0.44884804 0.07257695323361602 0.12606965952827426
0 0.36247247 0.4874955 0.11499693286594577 0.1664118049788505
0 0.18687353 0.378648 0.08893434833220201 0.12828206874529785
0 0.22465818 0.50339687 0.09003090797122115 0.1628527041633379
0 0.115927055 0.44443455 0.0906817481980633 0.12951921057046428
0 0.28429484 0.41330993 0.0835282109886232 0.13889249514268867
0 0.646322 0.39929193 0.0843355434257924 0.13464606263010456
0 0.5182896 0.4857435 0.08416636004741046 0.131644785477514
0 0.6806639 0.4646323 0.10833422458371651 0.15940150543575396
0 0.73667896 0.43383616 0.08138904508408144 0.1266858562315415
0 0.587957 0.41792664 0.0913864882863017 0.15366468259645102
0 0.7738049 0.52167195 0.10959810300899579 0.17210555346117568
0 0.8813707 0.41643965 0.10463588705766394 0.16492983574924377
0 0.9645617 0.56778336 0.07143896280784712 0.4089436115504275
