0 0.3615268 0.3841607 0.08537447626557623 0.12653908445362255
0 0.41814283 0.4476193 0.07205685051535222 0.1272392807654608
0 0.5018336 0.40127864 0.08422009306957826 0.11933504332507824
0 0.36804914 0.47529197 0.11758543072473296 0.16852711209049975
0 0.22881871 0.50948584 0.10278018584703218 0.18159300519884522
0 0.1871916 0.3789332 0.09604219571548815 0.1310571347115036
0 0.6795194 0.45765194 0.11243172277658839 0.16182721036972333
0 0.64419234 0.4022151 0.08213256416479914 0.1285753136758146
0 0.11173992 0.45006555 0.08909213086267502 0.14070287185893987
0 0.5109892 0.49160483 0.08451355856374981 0.13221052889704787
0 0.28343347 0.40730563 0.07945877898918542 0.1386880406141862
0 0.74050826 0.4312069 0.09163446563116974 0.1361506132077894
0 0.5881393 0.42154208 0.09599185129233918 0.15922285075218998
0 0.7708821 0.5110944 0.11298001601453171 0.17350005464278015
0 0.8687571 0.4390567 0.08579447679745048 0.1543008858569563
0 0.96438015 0.47744924 0.08029780274539454 0.37023365843225153
0 0.9654183 0.4701155 0.07608548257188595 0.1919207326503794
