0 0.17915502 0.7654887 0.21018405173975369 0.10691199831499197
0 0.2081408 0.6747986 0.1982593652489046 0.09486177736103771
0 0.22460394 0.5887296 0.1938111336044514 0.10226340825451048
0 0.55957687 0.62568593 0.20553775622868967 0.12088875298854077
0 0.44780597 0.5849219 0.14122375940351944 0.09737131692245758
0 0.18366483 0.36682016 0.21642914955155684 0.10189738552370009
0 0.3820658 0.77713233 0.2759373814168244 0.11907148823437705
0 0.5986886 0.27762213 0.26501941258389783 0.13463799008711858
0 0.23895991 0.47803298 0.16702942434445248 0.09814043535036418
0 0.67651147 0.44827622 0.3567369890930698 0.14664026094634605
0 0.38088268 0.45799822 0.34650548744686094 0.09834614094402983
