0 0.18048072 0.5595677 0.11993289720865197 0.05861300010961074
0 0.19648954 0.28820887 0.16892690247214073 0.0835137893923427
0 0.2082218 0.43889785 0.14705928372591776 0.07298395828162887
0 0.2697873 0.08114997 0.20847473781828602 0.10568040406791404
0 0.23701492 0.75078875 0.14529758480492178 0.07293198845220955
0 0.19336535 0.36586183 0.18462031026848275 0.07932926791294319
0 0.23813641 0.67409134 0.15783294468717213 0.07574308981653746
0 0.26518577 0.21155041 0.17198791092814245 0.10184537115198193
0 0.2872933 0.7969381 0.1390400526747684 0.08027049439646108
0 0.22522919 0.5086759 0.16051351486826362 0.07255490858746315
0 0.2523003 0.9259125 0.26292401683324096 0.10355893759942941
0 0.51041675 0.9142663 0.4382050168554771 0.1793579031729915
0 0.31045544 0.7259958 0.15659196441020584 0.08688394835933587
0 0.43564954 0.5708611 0.2050325297342632 0.09813914509311453
0 0.274468 0.6214818 0.19086078862838393 0.08885099197013001
0 0.54645234 0.55979306 0.38923401806083224 0.11623606657443028
0 0.30817035 0.85879576 0.21904735953539378 0.09191049137181706
0 0.75385815 0.84982 0.5909100211951485 0.25462767845933937
0 0.34899193 0.20881353 0.2521732937533105 0.0977922320105945
0 0.5180113 0.40967065 0.41970984753408763 0.15142379083918345
0 0.5054998 0.23772357 0.3441582938767261 0.122910414595563
0 0.29994494 0.48640212 0.33939046567415276 0.08243483164965712
0 0.42968455 0.24800862 0.18427002356503497 0.09723487515876722
