0 0.83466125 0.48530653 0.245848605062218 0.5652924898935012
0 0.65403813 0.56980324 0.21062056543203828 0.6111525898997726
0 0.5186355 0.633794 0.20070024778855095 0.8039347789896759
0 0.41412854 0.58288383 0.1411307057491785 0.5797710655477009
0 0.081414245 0.5036453 0.10868257711921539 0.6980049261083527
0 0.3131696 0.6931225 0.15491198493658903 0.7314901802233889
0 0.15736905 0.6111305 0.1350237541033889 0.7310692866455475
0 0.24864198 0.5151955 0.12176650979201646 0.423778105812398
0 0.17154515 0.44023395 0.10728632645099227 0.32640865321131834
0 0.26603448 0.39956948 0.08457106925638114 0.13810648448626658
0 0.22294696 0.41763195 0.07306892112491983 0.19861281962884858
