0 0.28290558 0.6821267 0.16370388896520718 0.07949897579932169
0 0.33496055 0.77893376 0.16289095706944964 0.09956638395566092
0 0.2574781 0.3620992 0.14919035517617676 0.0774928586003059
0 0.49416864 0.4965252 0.17600723549970657 0.08947902403229338
0 0.2869396 0.5403225 0.1861204979514953 0.10212999597042031
0 0.3498664 0.5577463 0.1375520893223753 0.08610828149058151
0 0.47682947 0.59433556 0.16500079544224808 0.0744094907121469
0 0.34849492 0.365939 0.15997462475923732 0.08279628629040134
0 0.29116538 0.43678012 0.15536273407477905 0.07580385017730634
0 0.46516687 0.26480675 0.14500708708475854 0.08429108864856777
0 0.34123078 0.28493837 0.19507037887939815 0.10065575806570094
0 0.48443225 0.6933911 0.25267080583644985 0.08322269254790873
0 0.3334638 0.6413281 0.08743781143238993 0.0598554913588614
0 0.35244328 0.6387679 0.16417985254400172 0.0689215932556972
0 0.41881195 0.8139624 0.17094368240923363 0.07825440172137471
0 0.41002685 0.87992406 0.16986029480587053 0.08406475233074477
0 0.48769805 0.35979503 0.1968898878656885 0.10052610661082916
0 0.6815896 0.60195196 0.5292370088578188 0.10936094558952401
0 0.53534406 0.50681347 0.3519569362291096 0.09549758144822583
