0 0.41015366 0.3552282 0.14621266300580213 0.05876311563809797
0 0.43511787 0.069787025 0.2306084279503561 0.12838247681393575
0 0.62554735 0.8037416 0.1894589347381682 0.10745313965211412
0 0.6001642 0.18764618 0.17690354967237415 0.09870971444359267
0 0.7838947 0.9161214 0.1485802034064288 0.15793272802394775
0 0.1515443 0.5996756 0.2111957881130444 0.06706466934540091
0 0.27124807 0.39413807 0.23933797532523515 0.08006134476002123
0 0.21734011 0.44126305 0.19778493180193293 0.07119050530141201
0 0.9506862 0.9128093 0.12797542908250448 0.19364097489897703
0 0.11421081 0.32083896 0.24908331385894755 0.09665940306651395
0 0.4448629 0.18605524 0.20990723532113598 0.09597233859937389
0 0.4431094 0.9231946 0.183140500921117 0.1279788883087787
0 0.07467691 0.53564 0.20589160511325064 0.08973043254511172
0 0.7172845 0.05067718 0.17186245077067 0.10453785762242859
0 0.75517553 0.27074888 0.17241889613288022 0.10738797983125328
0 0.5066218 0.29840755 0.18986256113010663 0.1028106053146189
0 0.53162295 0.6039123 0.15968435244839482 0.08583254289599528
