0 0.38836935 0.46493754 0.057827746328556674 0.15957496219501732
0 0.22887748 0.6237173 0.054193407308393324 0.19010104306661713
0 0.6132865 0.72105455 0.03049655707738588 0.13871348921150933
0 0.93661463 0.84074855 0.03891963098238917 0.14036663613808678
0 0.5889692 0.5122591 0.04805158355085634 0.16812714993961841
0 0.22722258 0.25354844 0.062086663593337595 0.20824198576017527
0 0.6340079 0.28691614 0.04751046743425414 0.18132261115117285
0 0.6108195 0.9450711 0.03708955321282117 0.10976859346135016
0 0.4221285 0.91333675 0.03365199640013844 0.10985472063329654
0 0.88035226 0.91767424 0.0457395699109738 0.12270525588866034
0 0.6908769 0.69272983 0.046673708909644715 0.2054605407576006
0 0.22150075 0.49748957 0.05038185831744492 0.16593869302928493
0 0.47214678 0.83655983 0.037490413253409724 0.11976967604753504
0 0.054060344 0.8064861 0.04417061152358447 0.13911586293416428
0 0.8458396 0.52803355 0.05712436975890177 0.19933023302031344
0 0.36079088 0.8226571 0.03051000535044402 0.14645931633803816
0 0.9541763 0.17350021 0.07187271576972741 0.18986961884920933
0 0.5707352 0.8634509 0.0342595797580458 0.11496837413828144
0 0.31013677 0.9388369 0.029408415432947248 0.10316242160109723
0 0.1067106 0.82519 0.0525823781014752 0.18357576318913013
0 0.381774 0.8092378 0.028306754570238644 0.14109949295436972
0 0.80129087 0.9277556 0.039968060020945266 0.1249398671764011
0 0.16809507 0.92826176 0.02587472155155943 0.11148015562628456
0 0.52571 0.85510224 0.025530696178821928 0.10974774937518163
0 0.15571901 0.9304807 0.029565025904812497 0.1037835433372325
0 0.26801056 0.8838201 0.03426658340827159 0.12288960952387797
0 0.5458609 0.8747464 0.023786696044770073 0.12617699256507695
0 0.7987079 0.48547837 0.047764705733412925 0.17578317307222105
0 0.25884536 0.9529624 0.032068003365931456 0.09189530993488587
0 0.5014296 0.7584422 0.03472284138165919 0.09086521137126954
0 0.74842066 0.46390235 0.0472080711970165 0.15132478421050127
0 0.1132699 0.9313844 0.038183998312357664 0.12391050098054092
0 0.0926889 0.8466758 0.039982042945512816 0.196720616033878
0 0.520184 0.9516475 0.022661335386909964 0.06938434011849397
0 0.911635 0.9748489 0.023042057792263804 0.047067069102991514
0 0.33055177 0.9231688 0.02004614515890386 0.05978502885368191
