0 0.6109241 0.47361186 0.061492815471869924 0.16746491706232183
0 0.7827557 0.4791672 0.06237674669104494 0.18407256040248182
0 0.76971626 0.62635505 0.05480322333432615 0.18001679394085607
0 0.5794383 0.91079557 0.03478374853104144 0.11119085797587908
0 0.0649137 0.82429403 0.04093317336252406 0.128952550802223
0 0.1530906 0.50440246 0.04918316896822305 0.1838473875630419
0 0.3693665 0.302952 0.051472483919985906 0.19164794288109246
0 0.31359568 0.6759821 0.04453860317448087 0.1860793986616767
0 0.41145107 0.49715933 0.046831053551484904 0.1586256161875978
0 0.6397855 0.81387174 0.033912359785241195 0.14478520742786832
0 0.7710483 0.25703418 0.07569230559333517 0.22847653673675325
0 0.11679342 0.9197187 0.040683166713664135 0.12079382571478683
0 0.6917075 0.94268167 0.02670505109234436 0.10400904539785097
0 0.52675265 0.818363 0.04023703699588073 0.13252166955302336
0 0.38770425 0.9547321 0.03802281167954058 0.11891139262253533
0 0.38829097 0.70606184 0.03607473093046076 0.1462978118171492
0 0.947726 0.798995 0.04266549446186296 0.13875353062649348
0 0.43066478 0.866148 0.030611426530274682 0.13122562274912766
0 0.85128194 0.9476676 0.024301397085416322 0.11215236470950328
0 0.61704445 0.81780547 0.036146339563246116 0.15453446874763554
0 0.837533 0.9410332 0.029329111582499217 0.10265207367211666
0 0.19881849 0.9306612 0.03300479212316947 0.11744380028521224
0 0.25185335 0.46644953 0.05989445889866259 0.16129167771332534
0 0.49965218 0.7548013 0.02911169771020094 0.10229307529118487
0 0.47555596 0.8507415 0.02189299519501001 0.11172229004412457
0 0.19966273 0.47576836 0.043583498117241465 0.1710657739404012
0 0.73523325 0.91879517 0.03950376655378441 0.18101345803434976
0 0.45690066 0.8748682 0.023088168811723524 0.12246004381843187
0 0.038465142 0.17337541 0.07663011214610765 0.21355441720391796
0 0.90023625 0.84788644 0.06819669977153743 0.23099895520495684
0 0.25623623 0.46266648 0.02308280282574596 0.10395811625426413
0 0.08624831 0.96965384 0.03105554294409705 0.05059851317595459
0 0.48182315 0.96276516 0.02144091517590728 0.07195630724057056
0 0.9126686 0.86517715 0.04309112715426724 0.10726212417732557
0 0.88950753 0.7990802 0.04427031304920062 0.13788878407603838
0 0.8850557 0.9609861 0.03793970521658933 0.09089577358483274
0 0.22731164 0.42371306 0.02897423565244599 0.08351412915258168
0 0.9822769 0.28169298 0.04172745646766497 0.15560252586193188
0 0.9914588 0.8578232 0.018675977584476644 0.1144148687081816
