0 0.55968416 0.7601711 0.14468647474945734 0.4738874127028451
0 0.66863114 0.8016827 0.1295841021913519 0.5179653103733863
0 0.25230566 0.73992825 0.12988561942019253 0.5023870378563433
0 0.12975495 0.75879943 0.15419642366923733 0.6199335693134768
0 0.37142602 0.6931614 0.15911541559335768 0.5833170820196094
0 0.9272887 0.74076045 0.16746691363745617 0.67439845223817
0 0.76674205 0.67828864 0.10125892927532065 0.44624131990948757
0 0.8418702 0.76988715 0.107645273248705 0.5381438101414178
0 0.64212596 0.44596016 0.08942916263400433 0.1575367169197864
0 0.4528888 0.4726474 0.08379973768764823 0.1688932134215204
0 0.5174058 0.49681014 0.11104626318902802 0.21691896760646306
