0 0.7720579 0.58971375 0.19827177304391103 0.07685323239458294
0 0.78103495 0.092192695 0.13564819141664397 0.13331431140916675
0 0.1771039 0.4840772 0.21790939172745727 0.08338336513136946
0 0.6498813 0.53627825 0.20371650553273404 0.09988443391416348
0 0.35249147 0.8942559 0.16688273963658953 0.09934308059654785
0 0.2508532 0.074339874 0.2885724568260644 0.11444230758055633
0 0.9547104 0.9529067 0.11221954306197982 0.13188040219245908
0 0.66486907 0.96222264 0.20957308712207273 0.08677454591056943
0 0.23962279 0.87570137 0.1546047157765014 0.13970350169975443
0 0.7003227 0.03693122 0.13426563578349743 0.08694775958458255
0 0.22537655 0.9091458 0.1384395853853481 0.07145579016939074
