0 0.35498038 0.6277775 0.16791779336213492 0.06379897290123661
0 0.73704636 0.675163 0.19358154317885312 0.11594313465948251
0 0.54495734 0.19187716 0.21156054929800636 0.1060645950321335
0 0.21288851 0.38915184 0.18463843328466792 0.06503990591851541
0 0.061739225 0.543876 0.14450714618691063 0.08521434042521957
0 0.95993245 0.9467797 0.0783097289486118 0.10478912320611648
0 0.05847567 0.4903952 0.13121536472506046 0.05973623592252589
0 0.45165467 0.08783668 0.16926321471400843 0.13681590458158663
0 0.031946424 0.4284971 0.05489705420243275 0.05854599980128347
0 0.02026237 0.040509596 0.059628778966150243 0.0736553197774221
