0 0.26893014 0.40640238 0.1677497552885465 0.06677681417420607
0 0.16770995 0.6097036 0.20686356878697376 0.06733938651784774
0 0.11788203 0.2894009 0.24705073182643347 0.09411092489453568
0 0.51675636 0.5879022 0.18241147584329298 0.07160576942282748
0 0.60110396 0.18794306 0.17785340295666136 0.14145318159979564
0 0.7186931 0.2802673 0.2280847187564981 0.1090969477456065
0 0.43486091 0.056392718 0.22452354437963745 0.10997763114640892
0 0.3709535 0.3459624 0.16937837433748507 0.06810233595606269
0 0.22275056 0.45854884 0.18765943295776372 0.06671921094244822
0 0.4338804 0.17892727 0.2212912728060752 0.11022009463824171
0 0.7256188 0.033027135 0.19221352586657348 0.07403678347225932
0 0.084810264 0.52396566 0.21362319018078732 0.0865042471672572
0 0.4920072 0.25921237 0.19188981464033777 0.09698688896283893
0 0.95105135 0.9283466 0.1287552259306277 0.18262069398661085
0 0.59656453 0.7813784 0.158975716464592 0.11931403680415728
0 0.9474987 0.5935605 0.07935140727799299 0.10175693738666194
0 0.4547684 0.89979196 0.16248421095149612 0.1354871519507873
0 0.6441894 0.93857455 0.20195154731954104 0.12544934950733355
0 0.7393894 0.894206 0.23247551604188219 0.14308893656979113
0 0.8103084 0.8681514 0.10493297922675267 0.16440773965406802
