0 0.5682105 0.6160085 0.048510450808846854 0.17528669280750628
0 0.53108644 0.2619348 0.041625948445005945 0.15067031590096167
0 0.49548128 0.35651603 0.03127360786576893 0.13759825556418684
0 0.107487686 0.7366379 0.05676702211031876 0.1920165545874009
0 0.06088558 0.15453671 0.03308778590819732 0.17686506086463125
0 0.3808863 0.1305283 0.02182802389064246 0.1174200158737476
0 0.39894035 0.2972946 0.036414030569211664 0.1538446123483768
0 0.31481263 0.34245557 0.036202374009933286 0.11383357305963589
0 0.37616572 0.4066351 0.028593014109279193 0.143824265583367
0 0.73116404 0.09152449 0.03155758228490362 0.13182349543928587
0 0.9315301 0.25004545 0.04406703464117606 0.1551603484996383
0 0.58851063 0.1839031 0.03366912084898874 0.11881842448480562
0 0.6233924 0.35003418 0.04554727752077067 0.14070544056028844
0 0.90067697 0.46571544 0.057735924889035166 0.18251532131615913
0 0.31543502 0.44150847 0.04998723462083203 0.1590105066633906
0 0.54369754 0.8552091 0.03611942862094986 0.19406176898083205
0 0.48311344 0.07539294 0.029349262524543136 0.11046272302424456
0 0.60716677 0.8021276 0.057714986968515826 0.1963436517798454
0 0.8504506 0.6269676 0.05511542762853229 0.19324288137791618
0 0.90477484 0.14612359 0.03722243603610779 0.13461578272412836
0 0.43071717 0.10056772 0.040292442755002184 0.14640233192484356
0 0.18932731 0.5282366 0.038307798591299354 0.18070558957717311
0 0.9491304 0.34013662 0.0452679172501482 0.15256512048185186
0 0.2513478 0.52650917 0.029223641340279976 0.12806666228821575
0 0.5100011 0.05700407 0.02727769448619491 0.10635136641417205
0 0.85887104 0.8044449 0.05728237381075264 0.19870138799951342
0 0.6101466 0.09238078 0.030841622702323438 0.1362673325982456
0 0.45917347 0.10080794 0.026029363896265485 0.11819543529397576
0 0.62693244 0.07953589 0.0265810581855962 0.1323425020761719
0 0.8844738 0.09898558 0.02992702679885755 0.11215385661266068
0 0.13813277 0.029909244 0.029859558169877388 0.06123916556382266
0 0.86806726 0.10567013 0.027869419462019863 0.12214368334789011
0 0.21527003 0.52365875 0.03296340314044746 0.14575946912393828
0 0.988044 0.21019505 0.027713384036375882 0.12433221919041154
0 0.987048 0.32122317 0.028566779471157922 0.12771848955358614
0 0.013140277 0.50630516 0.0287843891971272 0.15947281002476887
0 0.6623602 0.06485528 0.02687785705217266 0.09167299203934318
0 0.70223016 0.052625027 0.03573032914168141 0.10371283109715432
0 0.22989362 0.49941933 0.036153193988570614 0.1546702405922977
