0 0.31689397 0.6267092 0.13450594428514748 0.04846973291482544
0 0.3406754 0.49301085 0.18466498241721224 0.05860335605094744
0 0.10489483 0.38373485 0.1505301164339072 0.04366071221845121
0 0.58394104 0.85385096 0.17586452599785943 0.06435835122370377
0 0.5792166 0.57469034 0.20167958126109084 0.061763197980283874
0 0.28067425 0.4012743 0.15245165967131988 0.051698873605102835
0 0.08488695 0.8774462 0.11853006927718028 0.04753741701619851
0 0.8675546 0.5402088 0.16298609001824912 0.050182900908361645
0 0.23920599 0.5372823 0.17784814155173587 0.05454402720462377
0 0.73844504 0.108237684 0.17550276863969583 0.06002413195701583
0 0.123332195 0.7310973 0.1328364678186823 0.034605966994117124
0 0.104440935 0.06482091 0.198508290097195 0.050369499882372194
0 0.37287155 0.37772867 0.18322804426857253 0.05220476999902714
0 0.42612135 0.9047637 0.19235374619453283 0.06025872577094523
0 0.7644223 0.6074506 0.2045980489456298 0.059266137932439275
0 0.22044216 0.9259265 0.13446872107193264 0.047538141548096116
0 0.17102574 0.59031415 0.1198111139293039 0.04373885237003026
0 0.11065523 0.43137863 0.1491507631034546 0.034866160659901876
0 0.07435068 0.6238603 0.1270852999801386 0.048319087870347804
0 0.073348805 0.46175534 0.11956029344322021 0.03135700773901722
0 0.5000517 0.23011138 0.19096078513636194 0.08822692990284405
0 0.42027995 0.3223737 0.2242725854563116 0.06849216414297991
0 0.034610525 0.5153579 0.11057200147333436 0.03216395936394161
0 0.79042333 0.86266255 0.1964265386511423 0.07451806475296346
0 0.3326998 0.9417499 0.1424754235342873 0.04940602350721004
0 0.12393695 0.48795006 0.12489009849418523 0.033104001284080045
0 0.04431471 0.6723149 0.08547552399003824 0.027120040399264193
0 0.022693917 0.13741513 0.06123362714946016 0.04335786103108162
