0 0.5685995 0.37842405 0.05814142723137567 0.18448160763733787
0 0.86542076 0.19170478 0.06283666254062695 0.18516933221699922
0 0.5890001 0.8063926 0.03813765304288853 0.12373485180906275
0 0.7316665 0.8849291 0.028730793180852178 0.12086565393332101
0 0.40238726 0.6941864 0.04103040943973363 0.14048624961018946
0 0.94851834 0.66823196 0.05535206559489021 0.16343304461186295
0 0.37922484 0.5981374 0.05105713445584859 0.17966599624477456
0 0.8526212 0.39082396 0.07170831343021664 0.19638524116608658
0 0.10486262 0.2619504 0.08282132827614207 0.22043366882553708
0 0.53783447 0.7111512 0.048924040377319296 0.14819643829564857
0 0.322182 0.5586326 0.045034836628654325 0.1553802000452271
0 0.6244884 0.6622057 0.05112297075088324 0.13800626962113663
0 0.90206265 0.53843707 0.06034181405774867 0.18031751344950578
0 0.38408762 0.87362844 0.029618059929246113 0.11984012057847125
0 0.9276774 0.76454663 0.05239435073628047 0.16827424355989073
0 0.9034184 0.86080337 0.039193727631845296 0.13354834478094207
0 0.6083822 0.19603416 0.06462198780680857 0.19343570788586903
0 0.49699274 0.6417487 0.04326119884347151 0.14115426867844738
0 0.06459911 0.8922891 0.053195007319911766 0.2018279809574974
0 0.4630152 0.90033424 0.025971998844478213 0.11351117050066105
0 0.31431234 0.648152 0.04173242832213642 0.1269810443927036
0 0.42721808 0.8843566 0.02855750189447932 0.1265982017056116
0 0.19396928 0.4815547 0.027724319505888773 0.14229018249971623
0 0.5110553 0.959003 0.02900615983821712 0.10700737418312718
0 0.6196716 0.9290208 0.051311297666142494 0.14408773924467608
0 0.8680412 0.8966729 0.03277710323466103 0.11004453973507637
0 0.5495067 0.15379794 0.048853620142693295 0.2267483087035888
0 0.48369822 0.90979487 0.030497736981199224 0.12648716319281741
0 0.8887055 0.92382646 0.0303984348892568 0.1299591292547546
0 0.9859569 0.6516237 0.030918360346045455 0.12177868824740266
0 0.1353564 0.96633404 0.033201716525907136 0.05752152980927472
0 0.2535233 0.48533458 0.02567223549511261 0.12091751303398347
0 0.7050945 0.9476558 0.03761288107255782 0.11609005363265533
0 0.24524276 0.49024132 0.05986345483019193 0.16500512880911544
0 0.66570365 0.9281733 0.020426885468013696 0.07914928324188297
0 0.21667255 0.45121804 0.03042460421602538 0.15682600099981614
0 0.23064807 0.9817253 0.024457488228287496 0.04924559841991849
0 0.98725104 0.80328363 0.028596389231694316 0.13474039376072597
0 0.23157734 0.4674511 0.028590184657291625 0.16953147901903043
0 0.68945885 0.94629997 0.024483929523073766 0.089687865307928
