0 0.32718623 0.49562407 0.1562891424162039 0.09967399368991184
0 0.20931938 0.51566476 0.18819818557739865 0.06964806993693272
0 0.32616666 0.93750924 0.18013201023048836 0.10802055886566371
0 0.39117858 0.073784105 0.19912997832604487 0.14337808875740635
0 0.8979891 0.552935 0.231132648875269 0.09700354372830264
0 0.18684696 0.21794789 0.12383762944666404 0.14083261360478294
0 0.705556 0.80977863 0.29786370090462105 0.12250429831292019
0 0.76324505 0.97752213 0.11650328029415606 0.047583559154044046
0 0.8333809 0.04708196 0.41233465030229716 0.10216914030184149
0 0.96859914 0.9502578 0.09601026191027685 0.13601398562728642
0 0.0658597 0.93911666 0.10464305491610318 0.11960720469648567
