0 0.5711244 0.5304064 0.14104122979680542 0.3780591322918373
0 0.4229571 0.45302227 0.1470084834031495 0.3844736976589153
0 0.7004828 0.5076328 0.13449946570498633 0.2982811254042636
0 0.49213982 0.7719541 0.19630208490396855 0.46070421632101033
0 0.2668269 0.47895747 0.1155096363126365 0.30433709091814887
0 0.25456265 0.8548679 0.1828141112596249 0.40751918425447375
0 0.55262357 0.23915333 0.08056108433772004 0.18878277515038558
0 0.68543136 0.8125742 0.19708911117607494 0.44472631485775554
0 0.62949735 0.25540835 0.11148623972493332 0.20959201353297102
0 0.22362307 0.30365005 0.10998784639259794 0.2752543190613512
0 0.47336018 0.29539773 0.15506383077842503 0.26709046874692527
0 0.3395461 0.27913 0.1016561318700164 0.1888177133095043
0 0.26042527 0.68935275 0.11987303817527793 0.2058112443108125
0 0.6904392 0.29068416 0.10703761586937852 0.2594219319991408
0 0.42359495 0.36854205 0.10930720265636883 0.1658903569280965
