0 0.47620457 0.4331034 0.09813269421673805 0.18965499844595676
0 0.5218248 0.21032071 0.08270772652220144 0.23824063500421222
0 0.43427393 0.7096048 0.09395255522176248 0.16920712775301194
0 0.11095695 0.9455806 0.13761605747918992 0.10334095421151276
0 0.039023265 0.03970157 0.07854407804947044 0.07432087991068739
0 0.43618366 0.02712376 0.06490505638844737 0.06280928846489066
0 0.943754 0.9570657 0.11723532982744 0.08668565196910596
0 0.48956174 0.059127025 0.06134697022578536 0.12891491505261077
0 0.025854561 0.6335491 0.07477061956038225 0.09151898375363887
0 0.53823036 0.08084427 0.09167053971409361 0.13781095272236682
