0 0.17923345 0.33035636 0.11553255389577219 0.1602091478990466
0 0.31417763 0.21373823 0.08223900173874221 0.13888975993099628
0 0.3320757 0.3414404 0.10180847441524554 0.15816063339297967
0 0.5053983 0.31645766 0.08731446372095743 0.13298297037447587
0 0.49634874 0.21462385 0.07758992359664035 0.12566655817228692
0 0.6164949 0.19154717 0.0707910864921145 0.1315257844507429
0 0.6763024 0.17512494 0.09211080316054536 0.1487772741685914
0 0.73099387 0.24851413 0.08711672108615683 0.15728311921816138
0 0.43067938 0.26253715 0.08831535549140501 0.14322229777609813
0 0.25366205 0.31005713 0.09909818482224884 0.1644553966240961
0 0.79349935 0.26136842 0.09921247909076462 0.15325444587551992
0 0.95498514 0.22110105 0.09872090415655044 0.1545018061467008
0 0.87752646 0.24170366 0.09713231307518255 0.1680319944449859
0 0.91825277 0.43947005 0.18270363834215628 0.6691112252044918
0 0.49713334 0.4574977 0.09765771924372604 0.1697120795357939
0 0.62765306 0.5215848 0.14738573365677674 0.7432170549646965
0 0.5040275 0.54034877 0.13856579619611517 0.5371062336785769
