0 0.3774854 0.666209 0.16704811242754092 0.08761119585056261
0 0.26581755 0.5779188 0.2065366724108224 0.06303435183498865
0 0.22844583 0.5195117 0.19537033507157003 0.07897543425559213
0 0.954144 0.08546269 0.11302648901175474 0.1713008495267586
0 0.21772832 0.36581215 0.18999897494426296 0.06962979922779271
0 0.9309148 0.41287303 0.10625945443048673 0.08277846356640561
0 0.44839215 0.94431466 0.2525011587735134 0.10450284295360611
0 0.59439373 0.83563095 0.1911270666480529 0.09976256844371713
0 0.31846616 0.8173083 0.18589441870401965 0.14117363129717483
0 0.5141313 0.43057397 0.1542976384006864 0.06633767255340244
0 0.5053151 0.7562807 0.16124479179676474 0.09976372236100702
0 0.6886175 0.6939766 0.1987808639497994 0.0984440054882692
0 0.75469315 0.94738084 0.18209644731845034 0.09235943976177648
0 0.6347349 0.22411746 0.16683033427308466 0.1107858919421305
0 0.80136997 0.15824711 0.15528842106874452 0.18125928746898495
0 0.054856136 0.47745132 0.15151812289181943 0.10509432113241914
0 0.6208486 0.069890454 0.28413398285009006 0.1320912898755775
0 0.12765887 0.73133796 0.23355798691294308 0.0796697999234318
0 0.48577502 0.113849856 0.20747913699389364 0.14749000508168195
0 0.4290369 0.85694027 0.14490163893804858 0.08705224021317816
