0 0.25984612 0.16762401 0.16772889447926198 0.050721191921869954
0 0.19942391 0.6324056 0.14163617480366783 0.048301331957565474
0 0.055678688 0.80604005 0.09409427604571585 0.037060705710601015
0 0.608254 0.7022672 0.17281149889945654 0.05974267979277061
0 0.1744885 0.38387382 0.13596143105314526 0.044846198136993955
0 0.06400843 0.55786836 0.1175809173374731 0.05585365058345612
0 0.7409364 0.9119438 0.2236933754240532 0.07320159317705092
0 0.36811444 0.43317747 0.15772841709488447 0.04364391487039243
0 0.09183006 0.27015284 0.13406317546136576 0.04076984562246407
0 0.3121745 0.39125583 0.16269102815564865 0.05694533733173788
0 0.37830278 0.054811858 0.19764294248468317 0.06122711257398494
0 0.66946226 0.61693287 0.19986744008058235 0.07531210901900873
0 0.3743474 0.4894123 0.17709235836555967 0.053112748074777116
0 0.5858125 0.45309538 0.1798717567422688 0.046939896001857065
0 0.14765885 0.9433827 0.1175585763290833 0.03795212541650359
0 0.1782115 0.50874007 0.1457518327397373 0.03995441557842081
0 0.5599169 0.3409402 0.21968236062824884 0.06915165455870831
0 0.15476666 0.072848305 0.11691757082998327 0.05546908659272582
0 0.50325155 0.50919944 0.23041862209137695 0.05790799709738113
0 0.4846939 0.7517928 0.13669011953812338 0.037196487002772054
0 0.045746576 0.3441952 0.07435239001081205 0.04721246634658973
0 0.4772071 0.70472634 0.13911313712127968 0.048047256957787374
0 0.4712879 0.7989738 0.17559982736595303 0.05766280817391027
0 0.04769873 0.8708527 0.1152900100222815 0.033545239774696464
0 0.1251478 0.6156304 0.0854272080889342 0.031449482836021066
0 0.31720996 0.010807129 0.12346833167776756 0.018272554608809454
