0 0.48816702 0.54334515 0.031004095530261747 0.1496573327297134
0 0.83604634 0.28144607 0.03190331353397534 0.14539039556412914
0 0.5670348 0.39538723 0.03169091569764894 0.15102865245739247
0 0.3835888 0.6851109 0.05282766807140965 0.19695691768101997
0 0.4534496 0.074238434 0.025834149608129575 0.12282468392283055
0 0.6634033 0.59994704 0.03909120914050266 0.17738869207713445
0 0.29105002 0.5081195 0.04616835958890833 0.15116677488067307
0 0.12506232 0.06314793 0.033037203792502884 0.11728517956499346
0 0.94010156 0.15273724 0.027106724965970552 0.1131596377453742
0 0.6081956 0.317971 0.03688195010675588 0.12388522091787887
0 0.50459826 0.41828808 0.038542579938161556 0.14039689252442836
0 0.48915568 0.1753855 0.029786693662993913 0.12050650214657666
0 0.5487727 0.5404963 0.03893960574118939 0.1675249873316179
0 0.049571056 0.1611146 0.032120921183422246 0.13028090774626655
0 0.29382923 0.6498967 0.053696866199601234 0.1691188141801336
0 0.73135173 0.0809274 0.032344529848548034 0.1354548846687394
0 0.36560076 0.20184831 0.03611805841224742 0.14256525983864154
0 0.0844099 0.7460886 0.05840078567670919 0.18041879434076674
0 0.9492797 0.4327966 0.037392861198832616 0.1488442735461631
0 0.616247 0.19613421 0.037706859732002405 0.12178170098902343
0 0.38105923 0.16271508 0.028763534187401546 0.1309310878434297
0 0.19138904 0.07635078 0.03402440483434892 0.10991415373606943
0 0.42955697 0.07470381 0.026103344839744535 0.11995177748563383
0 0.18525352 0.50313246 0.036745008218865644 0.16103299932899928
0 0.37654606 0.03427579 0.02958828641692964 0.07673204210165778
0 0.21447659 0.5248215 0.028957034562485856 0.1501471348308894
0 0.9138024 0.21593906 0.04808379267902706 0.1635877350254952
0 0.250218 0.51589704 0.026399467041322764 0.11880544709069109
0 0.91761184 0.15873863 0.027752734112447296 0.12115669751304843
0 0.5834508 0.024122564 0.02937472464638195 0.03953787237070255
0 0.6631509 0.046364058 0.034450153958801646 0.08445940950116518
0 0.49892834 0.022061327 0.028766677605492987 0.04627693711864779
0 0.5197697 0.024074709 0.01856623285661495 0.037959994022759666
0 0.54219943 0.014181528 0.019649162183056797 0.0262883550447361
