0 0.35135287 0.4384008 0.07637288543528492 0.11626168884294517
0 0.81052417 0.41074133 0.08281626703491884 0.13114651010350045
0 0.4618486 0.38621116 0.09766821747287655 0.14687956720595302
0 0.5594735 0.44365606 0.08723785326570199 0.16326389640600497
0 0.6325387 0.45264095 0.09514667062226621 0.16028343224250022
0 0.18324724 0.43694907 0.07897949379789958 0.14367234135036067
0 0.7262515 0.46944788 0.09035991364790155 0.17306861836050294
0 0.26443407 0.40620178 0.1091165039895231 0.19211453016756416
0 0.9443522 0.42179558 0.08919770435965327 0.16439744179365312
0 0.047102094 0.36970502 0.08062622625335539 0.14369619628673708
0 0.0791332 0.028137427 0.06965332158141452 0.05794850154855525
