0 0.3917927 0.96569556 0.20672537974808444 0.07213806664860728
0 0.4132427 0.85755557 0.3076716147074722 0.10021228314827312
0 0.30689496 0.53351504 0.452712193439814 0.09479881046205046
0 0.2979751 0.30748987 0.48117429274230683 0.1368823713131806
0 0.30654216 0.6146807 0.5491978596582133 0.10959631803188409
0 0.24149182 0.70104694 0.571784840374423 0.11368538552462594
0 0.21841954 0.4541648 0.41665884416629534 0.09438784011822375
0 0.49580753 0.6451289 0.1526245528017573 0.053663240061935714
0 0.50412124 0.57040346 0.16035817183913464 0.07321511177172024
0 0.2858593 0.40003073 0.380259718534553 0.07621887214887549
0 0.44664475 0.40906745 0.1606647227614218 0.08239677084152183
0 0.5376889 0.47110754 0.1616768456389778 0.09155615558057302
0 0.44527993 0.52223927 0.13563619783226216 0.06570685025483974
