0 0.39961466 0.96680754 0.20165563269874673 0.07711334685278452
0 0.40723607 0.85594124 0.3071310838963576 0.10373846785511293
0 0.3278168 0.6151863 0.5234849517390365 0.1073098226130244
0 0.28978536 0.3078977 0.48034637750650305 0.13775551985567028
0 0.27841473 0.53209066 0.4751122654920565 0.09509929944694505
0 0.26418966 0.7009766 0.5979303778589682 0.11591722913128703
0 0.21453539 0.45175648 0.38457097292636333 0.08465116315896185
0 0.5065565 0.6455647 0.15299959877717956 0.05914939115070991
0 0.5064644 0.5644606 0.15826288721135373 0.08284283026027435
0 0.5343353 0.47136328 0.15734495048021274 0.08177178532314767
0 0.44542432 0.40845087 0.16100153193583405 0.08166741929626017
