0 0.39679357 0.9004657 0.1301302685159506 0.07079867162909896
0 0.66767126 0.31984365 0.1639832970045967 0.0774038645008939
0 0.6120354 0.18913628 0.14288304429376386 0.06981380199560003
0 0.6089629 0.45160013 0.1698236091170595 0.07171986959286879
0 0.65213674 0.5253933 0.14113928386090516 0.06959032487973066
0 0.6254608 0.8108953 0.16253386558346206 0.07508821465256466
0 0.38984385 0.81422055 0.17176499630443712 0.0702728857980924
0 0.5980238 0.67267823 0.14900356628421194 0.07006101430511248
0 0.5383834 0.58751637 0.19966367746218594 0.06662239039823713
0 0.5641195 0.7580737 0.1363495569493734 0.055303621142623285
0 0.60493886 0.5935171 0.1298636757825674 0.06509410914883376
0 0.4041945 0.28155282 0.18167882842578068 0.07905982638419587
0 0.37511846 0.1195719 0.36151824539806093 0.12040244748600826
0 0.3974528 0.41438618 0.17451024883500033 0.10122531914102093
0 0.21924084 0.7290016 0.18205507361005918 0.09926833058037535
0 0.33044833 0.5590505 0.39403661500865395 0.10319322648773319
0 0.3701539 0.57276106 0.14460420969872026 0.07337289886990457
0 0.3581925 0.27191505 0.5044783821166798 0.11196039097664125
0 0.42694992 0.12396266 0.14982240341888275 0.06908585985620005
0 0.34318918 0.74920505 0.17895580569813901 0.07687512091271605
