0 0.26841706 0.43274868 0.1754794664118113 0.0706855754656792
0 0.38045612 0.30547968 0.16744101236869494 0.08300864894535158
0 0.16366631 0.24977824 0.23061016765905604 0.12176266356058542
0 0.64467335 0.31748295 0.18624366112717242 0.11873970398063587
0 0.5785469 0.13714203 0.19501673745215353 0.14918747804831423
0 0.19452442 0.63969713 0.2128502259072691 0.0786165733864973
0 0.7804717 0.8479418 0.12296041147597185 0.13962487606816107
0 0.330871 0.15367083 0.2667556521637634 0.1171177794788609
0 0.46792853 0.045479987 0.2661074173720922 0.09537309942325056
0 0.95200634 0.938176 0.09738800614056643 0.14850401531656074
0 0.73141915 0.049099836 0.16318800675243686 0.10481457585608689
0 0.5043348 0.21981362 0.20091871302554482 0.11989669844513537
0 0.53911966 0.5474128 0.18307199719831574 0.07900676839166829
0 0.60821515 0.77171344 0.16925662563056765 0.09399395374549172
0 0.14316152 0.49118474 0.2538941519060226 0.08312765746303719
0 0.45976812 0.85411024 0.1567263886641175 0.1387754583396228
0 0.91030693 0.56304437 0.10660779211634692 0.10908751759631241
0 0.59805906 0.93482846 0.1817595712404505 0.1177170694363498
