0 0.8221925 0.81302315 0.1512542350743185 0.049020509468528886
0 0.29710075 0.27558258 0.18601802057433608 0.06839752851979412
0 0.49931404 0.38096094 0.19224248704554506 0.06105967515069499
0 0.9511164 0.726754 0.1591114287819671 0.0505760279527587
0 0.38164386 0.5235862 0.14644451067869707 0.055110888528548105
0 0.6922946 0.4829552 0.20410741290713302 0.0616568130082905
0 0.24767835 0.05277534 0.16097439663946858 0.058728264686672776
0 0.14872724 0.29347175 0.12248519348480405 0.07652079614328726
0 0.8708959 0.121171005 0.14191928071482796 0.0514991392178416
0 0.9175596 0.2948671 0.1022605762787403 0.04120300156068102
0 0.7493379 0.5700519 0.14078005338759858 0.043211494952224094
0 0.8113009 0.03536131 0.13202705678550053 0.04487732517583325
0 0.6122442 0.6673059 0.18570983672877403 0.05553670052129686
0 0.88125074 0.369546 0.1353085724862618 0.04787626998515873
0 0.4774993 0.63322693 0.13431042562212123 0.052271307982628454
0 0.7676773 0.9666036 0.13400677572707828 0.06968868402234449
0 0.94650614 0.5329518 0.11275693003236749 0.0319715907466571
0 0.44590592 0.22030345 0.1747661867326176 0.09964796389773155
0 0.88801783 0.62923443 0.15558404772285755 0.07660322252231426
0 0.22258167 0.50932956 0.20809614450099032 0.06033873320573887
0 0.71096575 0.94622576 0.2731381368601009 0.0790490750516668
0 0.9388433 0.5005272 0.1029074881363779 0.03574873257603206
0 0.25898245 0.52741724 0.3767748702712841 0.08828650822222656
0 0.9367019 0.47148713 0.0904202397886823 0.04688653928089478
0 0.6153004 0.5473562 0.15308583113282156 0.03768479465389291
0 0.2891181 0.977632 0.15750552814867497 0.03857396298669906
0 0.76545775 0.56741303 0.2556471454208187 0.0741520039393323
0 0.12200906 0.4185097 0.06171483617078097 0.053500414966786494
0 0.95457906 0.44014847 0.08074503225848349 0.039245220734115766
