0 0.506197 0.7708617 0.05064495813684524 0.18289731231120634
0 0.48189712 0.29198548 0.027686903293854107 0.1367319528614647
0 0.6639809 0.3602266 0.03883107161082621 0.1516117460545098
0 0.37947342 0.45587733 0.03933607718277455 0.17115759698107957
0 0.6310485 0.4813426 0.04183338304114242 0.135664961235706
0 0.56493014 0.24714069 0.03906814883629648 0.14281849185835496
0 0.27597392 0.69622034 0.04495677016572625 0.1600246301959533
0 0.52393794 0.61401594 0.04161121667830963 0.17784027439031047
0 0.81024253 0.17335387 0.02779714116885753 0.12552008780416582
0 0.035835266 0.17409381 0.03427809472210997 0.12969262937646628
0 0.7302744 0.08382915 0.027098497533038193 0.12801093489531717
0 0.052163705 0.73933583 0.05459672220080965 0.1615194768013253
0 0.12317865 0.12799859 0.041509524892134754 0.12858873662841055
0 0.49854589 0.06405794 0.040494823255022266 0.11367622491482982
0 0.29460716 0.07236451 0.028752346013515142 0.11042850006249563
0 0.3673493 0.08638045 0.027568728344348054 0.1240913008624661
0 0.9770479 0.21359915 0.030652296578999795 0.12147904918408237
0 0.5448634 0.36679512 0.025972694888578708 0.13660534171253771
0 0.93441564 0.36424625 0.05615396196706605 0.17749646713211695
0 0.6311622 0.104234114 0.03726255612504918 0.1190649474575146
0 0.5288603 0.049621798 0.030822119253780797 0.1075221527804944
0 0.18554251 0.5111785 0.03999998245539889 0.15755188247413596
0 0.38765636 0.052382533 0.024940778266406945 0.0958286532420188
0 0.2496354 0.5106166 0.027570874014045146 0.1235834258154433
0 0.21278481 0.5280759 0.035230121565193916 0.16929002601637266
0 0.94730383 0.21337809 0.02114985781585752 0.1188507730324218
0 0.43646854 0.051971093 0.03278678592499267 0.09548365857806979
0 0.98427206 0.66609615 0.0330556863961708 0.17347816887411452
0 0.6404242 0.045447342 0.02645172344052713 0.07468809272811545
0 0.4603704 0.038117856 0.02769360760445272 0.0896581565626721
0 0.8740871 0.026057173 0.0352834859322762 0.048811519999483424
0 0.61329305 0.032581676 0.02342437799480583 0.06684526686156436
0 0.29955906 0.87922734 0.06249624363520638 0.15446711262441187
0 0.59494156 0.050040428 0.021093081315810433 0.0552325972017746
