0 0.2838286 0.72692114 0.18022867188019145 0.06468664293876973
0 0.80157506 0.19183628 0.1443002591982467 0.04934067373163714
0 0.49240988 0.36536926 0.14443627222423447 0.05393800725822925
0 0.24762025 0.9432216 0.17903167753581403 0.06796044944922318
0 0.84732425 0.87664944 0.13443006811061234 0.043162272586064615
0 0.60700655 0.33951488 0.1977417217887158 0.06122687315158659
0 0.41109392 0.47164127 0.17974044137435863 0.06558422075991982
0 0.9168861 0.26999006 0.15544288813972487 0.04505071919386704
0 0.90626 0.7074353 0.1081351458046415 0.03609663781066439
0 0.8075173 0.9629288 0.12674572865450845 0.04348205905051451
0 0.88016325 0.6314132 0.17917876882138653 0.05601617121092738
0 0.7241462 0.43552893 0.14755318855784294 0.04840563883068227
0 0.62711334 0.45461246 0.15587163594811657 0.04519120683034727
0 0.73136485 0.51528794 0.16584877119731264 0.05195433544826988
0 0.14111994 0.686773 0.1044195517603355 0.06786832483794179
0 0.5283592 0.6205056 0.21703924872634603 0.0692393451101913
0 0.76647073 0.041995 0.1452451453747473 0.061013244094604714
0 0.20649193 0.4943771 0.20699236574194968 0.06302708165684803
0 0.89280254 0.36790156 0.15039548372846545 0.07064402391593236
0 0.44693303 0.79878086 0.20905171153418864 0.08069639368514707
0 0.94499505 0.61206394 0.10261777099265686 0.04188808049104047
0 0.9469252 0.5011551 0.11235255348739799 0.03295069412905009
0 0.9581198 0.55025613 0.08899694118918532 0.050239010998502864
0 0.9319868 0.4696591 0.11612388612041323 0.03594223579649762
