0 0.13923147 0.6817814 0.035242297481409286 0.1297336094626626
0 0.21273763 0.52245533 0.03578446428234832 0.1253066097369511
0 0.32018557 0.6931252 0.04480077662062282 0.14857185547606042
0 0.11107757 0.33267665 0.033422867838010656 0.07576467046205486
0 0.54366285 0.6774747 0.028007021298691894 0.08951911367686378
0 0.1800057 0.4770504 0.021206800604798248 0.05871048406847249
0 0.12616904 0.53455734 0.029142637122656117 0.09711152783563193
0 0.25109133 0.41253975 0.028248232669891387 0.08297466892051146
0 0.014006187 0.70502645 0.0364883347006481 0.15629332519234096
0 0.09143387 0.544823 0.03066731171123197 0.06799802299873449
0 0.09867899 0.6592071 0.04756666941879617 0.15312604658054757
0 0.25348958 0.9142394 0.02767006918391638 0.05301592795011774
0 0.2019604 0.95606387 0.03156139348618178 0.05176849105527745
0 0.074592315 0.35797992 0.026248115957485618 0.05307702343121166
0 0.069014594 0.97654307 0.04187140100438206 0.05164910936181953
0 0.32076025 0.5156542 0.0243896363072919 0.06558735617180675
0 0.26161173 0.5458756 0.02852677451792147 0.09234827923420957
0 0.36013767 0.5501043 0.028773461125640644 0.04583768900533909
0 0.28317514 0.5217887 0.02494620858019865 0.08712987081665169
0 0.15027219 0.46273664 0.02218453138554441 0.05322050534217893
0 0.0785442 0.439537 0.014494503496143857 0.046482547384517334
0 0.22923893 0.41714954 0.02993390237868645 0.07987451094370564
0 0.08100842 0.69239986 0.050330895898287244 0.1818105397221979
0 0.55436826 0.54380536 0.01992080324057344 0.07505621985651777
0 0.45448178 0.9767035 0.03165983844720039 0.05457081720821975
0 0.40940878 0.5029321 0.026381498002991804 0.08956524193514062
0 0.78627205 0.54726404 0.02982587848826941 0.06849775962175414
0 0.17868651 0.5592369 0.03020358168421998 0.07089315930386116
0 0.5803686 0.74195504 0.03358146206252486 0.09858720919648925
0 0.014575297 0.5028605 0.030179235096868894 0.08154605085752735
0 0.23582917 0.86533386 0.03409601676070076 0.07424837736610151
0 0.33024988 0.42066777 0.024808996525089742 0.055900319850560744
0 0.4064195 0.97029203 0.03332316180799691 0.07908308351510904
0 0.914717 0.7289445 0.03324411686931731 0.07206952773130061
0 0.2959051 0.43765336 0.022048939198211145 0.05489206483234391
0 0.03911276 0.4757718 0.030042457161142865 0.09847328805690521
0 0.11237847 0.4067238 0.026411785729446653 0.04259682177599811
0 0.66737294 0.98343956 0.026314821827243894 0.04100763404509213
0 0.7489406 0.51843894 0.024617246494570602 0.06312404534704802
0 0.47877955 0.52753806 0.03184422972213166 0.09141515570014981
0 0.585532 0.5337692 0.028985909569728744 0.07068602705721616
0 0.37484813 0.46248415 0.031172324807326728 0.06777132007102055
0 0.30037683 0.49700212 0.018463807840180688 0.056689075885346836
0 0.5222813 0.9287305 0.028456665547234198 0.10674531913573305
0 0.5522375 0.7636514 0.037869844330728396 0.09716393754378821
0 0.34291404 0.8872542 0.0142878108744807 0.038257481386522255
0 0.5327717 0.53829956 0.026439522180013556 0.058372636072469695
0 0.54481786 0.92965966 0.03125604103872779 0.09729110281053116
0 0.5039188 0.93476546 0.03501607027938263 0.12202929590730803
0 0.26341614 0.9650946 0.032688438158921085 0.04843929547413768
0 0.36797982 0.973076 0.032231134803940985 0.05532129068907107
0 0.45683658 0.5075693 0.030753443471125443 0.06734628854718581
0 0.57202387 0.6761325 0.023073128657610298 0.05080212523854477
0 0.02408658 0.57112515 0.028975925163955595 0.06417907339400972
0 0.045671716 0.5715755 0.022922271219058613 0.06360032121955234
0 0.06006958 0.46231893 0.01614000404930959 0.04243773698470922
0 0.050890654 0.36484927 0.024605456428911925 0.04200733151041147
0 0.81294256 0.6637289 0.03489290937024177 0.0960527188466463
0 0.037205283 0.44828418 0.017888561934732202 0.04757707000381942
0 0.36172104 0.901827 0.02109123853429483 0.049191507352702335
0 0.7268085 0.5242042 0.030345343261903423 0.0756567881413781
0 0.16014132 0.5304726 0.020032940831440242 0.04541494517419754
0 0.3324118 0.96449757 0.04636473519709186 0.095274358941318
0 0.4532736 0.90819263 0.02643007497312241 0.06254888948429965
0 0.42773783 0.4885742 0.020889883677203333 0.06949025532512323
0 0.37260088 0.91413885 0.026016818310204824 0.04937946129540943
