0 0.15277833 0.71410763 0.03551389075473418 0.13548278673749808
0 0.2136981 0.5084191 0.0390396307639448 0.11836698147013068
0 0.31732067 0.6964346 0.0401906676171315 0.15102460006836776
0 0.11029111 0.33757684 0.0322688189504435 0.07408323290999151
0 0.22670558 0.4206938 0.02567568362071993 0.06116379349969664
0 0.4077922 0.9562304 0.03808489003747683 0.08112386467220954
0 0.2523591 0.41604128 0.03210764597143212 0.08510224783408973
0 0.07911375 0.6570296 0.04479526468499955 0.1429941888852998
0 0.5420076 0.68080354 0.028256718568097576 0.09029564084113682
0 0.1769839 0.4852393 0.020420997882941112 0.05131473403418519
0 0.12696607 0.52219796 0.030353950223598953 0.0937055910056336
0 0.23630852 0.8664172 0.03249091507412921 0.08243789637458537
0 0.17947306 0.96553844 0.05741560418314217 0.10318902803555625
0 0.0594826 0.46485308 0.03395054224888742 0.09905629803883878
0 0.07746019 0.43475145 0.015771018501724115 0.04370654241435436
0 0.2612377 0.54399866 0.03247451709320647 0.10769234936465855
0 0.059316274 0.974354 0.034499299183847115 0.047351696034301144
0 0.07347149 0.3560028 0.02190676802614397 0.04632018027981539
0 0.32944775 0.426437 0.0273166052601687 0.058971851702356824
0 0.14900765 0.46471724 0.02032963748765152 0.04878231330533125
0 0.22891343 0.95877135 0.03584708181967313 0.05319187525529872
0 0.13783339 0.97913545 0.03323428943957804 0.039191953319201736
0 0.1059772 0.67691445 0.03628911477460645 0.14849729448586496
0 0.786303 0.545817 0.03330007086399233 0.0685780637441317
0 0.29612458 0.43673524 0.02191354012955616 0.05582123752458382
0 0.1765527 0.5599639 0.027978384884715886 0.06843027605164599
0 0.023731072 0.48452476 0.0329797511775972 0.07813406997641659
0 0.25318262 0.91811305 0.0251752119505189 0.05317664699007566
0 0.41024974 0.5048899 0.028106204863886323 0.0936237873265898
0 0.5221493 0.92276263 0.04310020754830064 0.11700648053272586
0 0.55144334 0.7613624 0.04232436279570454 0.10721223945620696
0 0.11553013 0.41570458 0.026868878689072555 0.04638227852451059
0 0.5560079 0.54812115 0.019549610639434545 0.07259928529947306
0 0.7499054 0.51013935 0.026290064576149266 0.05974101019566004
0 0.28136194 0.5479428 0.02506264605009292 0.09592670204621584
0 0.37302563 0.45665368 0.03184796251563395 0.06784223420363548
0 0.35999614 0.55051273 0.032200879002729985 0.04818722103354232
0 0.09484947 0.54302996 0.023198197415841112 0.05694515647321632
0 0.5994248 0.7151823 0.03391582488372145 0.09367427049877594
0 0.023382356 0.5617165 0.021689282128629285 0.05303639715260289
0 0.31967032 0.51777965 0.020717715621907145 0.05653203602406851
0 0.8111416 0.63892376 0.030720215458598803 0.059997488887362976
0 0.47609398 0.5253219 0.020926331700049434 0.061818221618722975
0 0.6680231 0.98623526 0.02670935547110067 0.03845334355398264
0 0.85430706 0.6644871 0.02874322469829416 0.07965785274768965
0 0.53390336 0.53075445 0.02742629578457795 0.055937397710294656
0 0.15954211 0.5319811 0.01673624284303102 0.04289574121225203
0 0.46087736 0.9177196 0.03480276221777498 0.054645268051608985
0 0.585556 0.5526493 0.027168670819989842 0.06697708186514857
0 0.26178432 0.9740331 0.030318328250404904 0.050142925599535156
0 0.044479575 0.56577486 0.02089623378049577 0.053861012078244716
0 0.049667865 0.36085093 0.024573520694019267 0.04038008683599529
0 0.3430585 0.8825939 0.015393757166076131 0.040875227184519435
0 0.36580002 0.9700501 0.02626144869737219 0.053058627609147924
0 0.63476 0.92941725 0.025344765990304066 0.043928699432302966
0 0.72512966 0.52284753 0.0275504288008463 0.0729750138549467
0 0.36200368 0.9021359 0.018632495914609703 0.046306021495854305
0 0.4527294 0.51858735 0.02362855668876576 0.0599172202375811
0 0.10130768 0.47367227 0.023795361982398216 0.05785085848197725
0 0.330047 0.95333815 0.029856085710720123 0.06265426648383748
0 0.93748933 0.7205202 0.032944597842995846 0.08667713249264326
