0 0.3046958 0.5169787 0.0962416983044957 0.12325882793973168
0 0.520937 0.5483345 0.08694179070795072 0.14797156794297145
0 0.5927718 0.5051088 0.09610780193370001 0.14953053606281078
0 0.4057898 0.5486587 0.08276406858261538 0.1509371201350556
0 0.74181074 0.5282585 0.09590004789431689 0.14519088676882952
0 0.4587271 0.6446206 0.07710320343842232 0.12380228256299643
0 0.3156429 0.6614158 0.1006740733063841 0.1744147680484409
0 0.59777254 0.6320141 0.1011539318135491 0.14695232405179284
0 0.66057605 0.53171885 0.10826701749125255 0.21607602240192242
0 0.9221529 0.64610726 0.10267614840476882 0.380966334115788
0 0.20168485 0.5101012 0.06332558413646643 0.08930229131007433
