0 0.17833854 0.54254156 0.20473706799467054 0.0887799852072158
0 0.2682117 0.6437181 0.1458292038338889 0.09102235462201896
0 0.565915 0.81033355 0.16798167631758718 0.09747041090248353
0 0.2256044 0.42607987 0.17986706851381892 0.09213080374225782
0 0.47588965 0.7740542 0.17898379752695553 0.11499222607118377
0 0.1482787 0.33414254 0.21500602503081953 0.0901915188039238
0 0.1856757 0.21035907 0.21418033215758409 0.10641635195053227
0 0.5476622 0.36837804 0.247571412042799 0.12741890844053272
0 0.11183012 0.64928335 0.24244168190778126 0.11104207622262592
0 0.42647853 0.68954927 0.14444565040956586 0.07447393776153083
0 0.76420516 0.22335012 0.2905535595572737 0.14403983075602633
0 0.43902144 0.592585 0.21178853663903913 0.1035492638890201
