0 0.5123192 0.40290108 0.03591063561553906 0.15091807542158833
0 0.59307426 0.6986496 0.04419118638055029 0.1746612018305702
0 0.42965814 0.16218662 0.031864648419702934 0.1363945362202639
0 0.96227545 0.17523672 0.04842192803601406 0.1318828121749562
0 0.45506635 0.76252097 0.06537455926380026 0.19595986048379
0 0.34025827 0.23091401 0.032971569941299024 0.14358127438776963
0 0.6163371 0.33948147 0.04231863165697439 0.18056040435166476
0 0.4548511 0.24925186 0.036800940530706996 0.14127715235948296
0 0.05442971 0.45368993 0.05959012589287917 0.16307430492133468
0 0.26995584 0.08682977 0.03924423413900274 0.14692436485122828
0 0.881158 0.17478147 0.042096944607448394 0.13575222085070018
0 0.22005725 0.08038334 0.023377199446445566 0.11358747161215862
0 0.50132465 0.08809042 0.034301428061030724 0.12469710949400394
0 0.35117134 0.69821626 0.044846563723746874 0.16393322952360176
0 0.81443495 0.5074521 0.03431787733218685 0.1389395635870707
0 0.7545492 0.4717249 0.03658862013831601 0.1360657416218919
0 0.47027138 0.09004025 0.02629597799113037 0.10627823357499637
0 0.33424422 0.050296243 0.03515682222237601 0.10048018639016809
0 0.030265387 0.15148602 0.05298909408955006 0.13008412957074095
0 0.02339038 0.24784993 0.03131646046015983 0.13977633707793188
0 0.78730285 0.51365185 0.029276179538668602 0.14107100411902904
0 0.35863832 0.032759763 0.02351657166267273 0.06536159377344872
0 0.6300022 0.061673105 0.03393697422134592 0.1188823581905506
0 0.99149245 0.28214344 0.01839723212350675 0.11351662481407576
0 0.74423885 0.8473937 0.049936555841563215 0.09057546954457342
