0 0.14711235 0.87361693 0.12199940591918196 0.04239908383291654
0 0.20285065 0.3429126 0.1720599326547402 0.059372163020683794
0 0.642361 0.34773993 0.15620350558157728 0.05459248944462611
0 0.32775414 0.6242504 0.1737653146516167 0.05848812533686968
0 0.40759966 0.50895613 0.21568687664603575 0.06474359607830098
0 0.69694966 0.5954482 0.17674725223093884 0.058378289796601354
0 0.47530213 0.753426 0.17398015551172116 0.05519620698485989
0 0.113387525 0.271571 0.12859535090666147 0.039229051744026626
0 0.058710586 0.22331284 0.13039702180695856 0.044233037134833085
0 0.15213454 0.96503747 0.11935562182808415 0.04298817994818511
0 0.23578659 0.45595255 0.12392715059618917 0.035306402392211084
0 0.092309184 0.5018721 0.16486340083362502 0.04292093705352954
0 0.7715702 0.45537695 0.19495017577467832 0.06849381975712972
0 0.043447357 0.6278102 0.09975286736056334 0.038596578290199746
0 0.83553964 0.7359055 0.0940429786529545 0.054777446325015286
0 0.18441154 0.0291292 0.2714482161888887 0.05977576907699875
0 0.4383404 0.07143008 0.2019089167406895 0.083636985284395
0 0.12550744 0.4318068 0.13452455528087717 0.04190569045172578
0 0.03526795 0.33442143 0.08761306403338404 0.0390273253762401
0 0.50606066 0.8060401 0.16487970506168806 0.05662471023488194
0 0.111944616 0.47118556 0.13854691905563088 0.038694888076495675
0 0.027730644 0.35764965 0.06333483681324334 0.031189818105460065
0 0.0445058 0.40181622 0.08319768531636437 0.03222303816226148
