0 0.49046588 0.38505533 0.03386841375031328 0.1398837913480686
0 0.40389556 0.72639006 0.03094553596783558 0.1616057355363533
0 0.56735885 0.13239077 0.025176994718986493 0.11945324151340594
0 0.65548784 0.6659387 0.04042162318292533 0.14859059362570573
0 0.5447963 0.76709795 0.054891430613719025 0.17821137064293774
0 0.03619109 0.18829659 0.04222999299915781 0.1319330268543798
0 0.3801596 0.35387158 0.03437996272994328 0.17466115466191645
0 0.7318813 0.060906082 0.03274974658013728 0.14063567915894856
0 0.50013083 0.093052536 0.03935447215276656 0.14086138843305146
0 0.7797088 0.091148175 0.03201768342592869 0.1365783951352759
0 0.6619771 0.21929097 0.030365333527059273 0.13489809480456097
0 0.115861654 0.1777997 0.04195335339010845 0.13964092364512287
0 0.5448552 0.24577944 0.024360549530475784 0.1226799912806739
0 0.6657449 0.04533 0.03550205706235072 0.10197918865337802
0 0.94053876 0.44696882 0.06477378593330793 0.17441566981007403
0 0.24413392 0.4900336 0.03983157695861072 0.14626075751295659
0 0.5291157 0.09677154 0.02716842140053096 0.11359368463006285
0 0.18633749 0.49848622 0.03307669680886208 0.14746197919212722
0 0.37081984 0.06709926 0.03874108010739134 0.12393648123530109
0 0.96902317 0.16263904 0.06027371990353135 0.16492257792316878
0 0.21494776 0.5223432 0.038707121883417794 0.16204374088989615
0 0.6424432 0.033772416 0.029616235098991407 0.0684535658474423
0 0.6122832 0.045332693 0.02888082993749322 0.07568474795555452
0 0.43099758 0.020336581 0.023407087307926455 0.04065976270945152
0 0.9781975 0.2641101 0.030268596915036954 0.1434956902137923
0 0.0068747136 0.26990992 0.015965745358759175 0.10974608154060939
0 0.49326134 0.021178309 0.03250726467687776 0.0435613290909459
0 0.45673892 0.021673817 0.019341044783759438 0.04060991537172226
0 0.08841987 0.019244302 0.037833159579649056 0.03848087342724507
