0 0.49561247 0.8817768 0.07774786208822651 0.12621156718762258
0 0.7882064 0.692293 0.06564609071553515 0.10032027248768803
0 0.6444312 0.7428424 0.08537651416460812 0.13120547254042486
0 0.611869 0.6487742 0.08049741140901873 0.11731612061082848
0 0.7554819 0.8092451 0.06197707266537872 0.15031830850976324
0 0.50435543 0.76199037 0.06905028464708891 0.09660809619734664
0 0.5364019 0.9005748 0.05496321672745985 0.09518817905264101
0 0.602514 0.8614524 0.058659987025369245 0.09889283758451678
0 0.68957675 0.8372273 0.06600344783359641 0.08601617399282968
0 0.643039 0.95238703 0.059070947654904574 0.09497100063258257
0 0.5844828 0.76910985 0.07436688885298327 0.12176183978031205
0 0.39532286 0.77315354 0.07876195970979108 0.10740113843901752
0 0.42246744 0.6282671 0.07528446258778457 0.1719817240171095
0 0.57716334 0.95610887 0.06995779018889446 0.11091061448612131
0 0.45902586 0.72442263 0.07153678669734315 0.11741230106212303
0 0.5337548 0.9666381 0.06209025526597142 0.07420270080928043
0 0.506512 0.58977765 0.07914355405525567 0.1540338767120762
0 0.45030233 0.41662842 0.08682846828170866 0.14807405238907587
0 0.76244015 0.429531 0.10115869842571001 0.15656545112366121
0 0.85613257 0.69499165 0.06912452113865382 0.11027595467116207
0 0.6334787 0.48177347 0.08262225888677764 0.14269913133643813
0 0.37640226 0.4216042 0.09578401217447546 0.1667118380224563
0 0.7231824 0.6482382 0.0876337580029404 0.24219358428012744
