0 0.19990878 0.3904918 0.1426247228329633 0.049546335040680484
0 0.51948214 0.4076323 0.18791877746567906 0.05652910848828646
0 0.108140625 0.8836179 0.1172402661922716 0.050106865266352114
0 0.54794884 0.5037279 0.1730121167107021 0.049772829661045785
0 0.11391963 0.66954356 0.1250501317397778 0.04238239531028041
0 0.05121843 0.45041603 0.09136388926433489 0.03453472079937581
0 0.23304473 0.09955055 0.13209399509081668 0.054074961216411505
0 0.05664497 0.73318756 0.14828027824213172 0.04381889468132777
0 0.57287264 0.9679318 0.2046795685606711 0.06763710375233709
0 0.17061533 0.0378991 0.12033608774076157 0.038444028149482744
0 0.75229496 0.59657663 0.20919850712211577 0.059883871318282315
0 0.7505497 0.8208785 0.2122913869912459 0.06475844987793779
0 0.5011586 0.22558711 0.17591401175336613 0.10352210642083688
0 0.16171551 0.49907255 0.16866682927277551 0.050667817902518904
0 0.07322848 0.9237883 0.10590709972037914 0.033839156761980786
0 0.028764158 0.61238474 0.06739136858167391 0.02626152060302297
0 0.21617027 0.9856144 0.17794897270193064 0.038906383000866504
0 0.042875726 0.643992 0.06761152117382911 0.02900040026722354
0 0.068344995 0.9601762 0.09368712794386792 0.031033416128597554
0 0.104796454 0.55405784 0.1950082399004073 0.03251251800024203
