0 0.7588699 0.3890344 0.159148330283132 0.05927607498856874
0 0.87548786 0.882098 0.12206828825708971 0.051115851672355606
0 0.45180064 0.40866885 0.20899616997582687 0.06481746056553359
0 0.4053241 0.50344694 0.1873099908267982 0.05478992262271899
0 0.73057365 0.09805 0.13361277673361913 0.05647816709746681
0 0.9240685 0.45216873 0.10876430538197136 0.03344534711225101
0 0.36989814 0.9645176 0.19712061106351883 0.06415287657071345
0 0.8356163 0.67271703 0.13109156633484215 0.045087325419464135
0 0.25115836 0.59411484 0.2319114486993542 0.06825262421547659
0 0.9159476 0.73401374 0.14420202691735712 0.0440646875238823
0 0.80345714 0.037471354 0.13032131525522442 0.045509185859920816
0 0.45144528 0.22284126 0.19378622211208016 0.1079535156299916
0 0.82725614 0.50155133 0.174784163694454 0.04828927773145169
0 0.2218416 0.82730633 0.2504343008050514 0.07398178233726847
0 0.104888126 0.67578727 0.09536759591653642 0.060100911421281614
0 0.8052032 0.9834666 0.1508387404866948 0.03576559869992389
0 0.9633291 0.64592713 0.06492676981018279 0.03677073336514291
0 0.428843 0.02725032 0.2949658332753388 0.05795949888182579
0 0.9140928 0.9246611 0.10523971820742205 0.03442951786279446
0 0.8412608 0.5570113 0.2013055091103771 0.03601152935790525
0 0.96125996 0.6140783 0.06766730537999531 0.027265777098945964
0 0.903292 0.51663435 0.22932492649846142 0.052698085460599314
