0 0.13969183 0.40350035 0.17579964274401738 0.055320751336081504
0 0.40815446 0.4160359 0.19417941781041145 0.059387807650592164
0 0.2812506 0.083124965 0.1383638109413273 0.0511926593813348
0 0.57014847 0.83589524 0.16587991490382953 0.05949436543513127
0 0.06538917 0.8336738 0.12449299950228472 0.06285507467072755
0 0.21038623 0.51029676 0.14421374359360598 0.04162669367702489
0 0.16505393 0.023256637 0.11928390603925366 0.03738232202645668
0 0.11142488 0.736746 0.13513311129986266 0.04107079167681095
0 0.65274656 0.5149099 0.25218777576582707 0.08037544485548909
0 0.12056577 0.9536947 0.17733500648608388 0.04394608678489629
0 0.7031119 0.0687777 0.18900674088153668 0.06348159994077199
0 0.045763202 0.67898154 0.10885061422236442 0.03940907362320884
0 0.5966084 0.52995455 0.1711062903104068 0.06171551455467282
0 0.7540236 0.7596311 0.19523842534337654 0.06862707746516883
0 0.40260836 0.024602382 0.13776242642402067 0.04296572576827898
0 0.5222842 0.2282829 0.19529174771956825 0.11039468093592923
0 0.10452452 0.56165624 0.13601437705500996 0.037145301343579136
0 0.19698137 0.5414721 0.15942164318141588 0.03829015825147504
0 0.02530095 0.61329937 0.07078546091627057 0.026522898879787066
0 0.029109474 0.3359199 0.055912123775854826 0.042099952640936945
0 0.06476232 0.89793164 0.0936158044586226 0.04697200522696892
0 0.029175183 0.6441544 0.06543620476514501 0.029002507118885665
0 0.6696003 0.9813598 0.1810500759465635 0.034696739608819825
