0 0.41552028 0.42737657 0.0292196851400337 0.14055733581872595
0 0.83218855 0.5936451 0.049181877248062236 0.18366938212053419
0 0.40256336 0.16127035 0.027806267751285755 0.13517019829645444
0 0.5076105 0.20623241 0.038533048277254955 0.14260769342426272
0 0.53029084 0.57761073 0.034678492374420264 0.12745091285124438
0 0.675905 0.064715035 0.031016643465047216 0.11736259903887575
0 0.07985667 0.29799417 0.04280478756401325 0.13455600988477376
0 0.75628334 0.8034187 0.0567440655961063 0.19139285173622533
0 0.061496418 0.7408992 0.06105752290247363 0.2191976855077532
0 0.021752058 0.18656448 0.03732005441043237 0.13882849262068617
0 0.5054286 0.71893364 0.03354805164864617 0.18626302890326887
0 0.18834761 0.4823471 0.03328516588919697 0.16264223575580752
0 0.73492616 0.066318035 0.031175670836979103 0.1268733501483382
0 0.019455936 0.40303868 0.04503202231533524 0.15849692351194322
0 0.8210173 0.068631224 0.040383887352947144 0.13253030472497962
0 0.8443012 0.063234024 0.0258159839351326 0.11084436236772965
0 0.53889155 0.20733956 0.02143546252284743 0.10236562343686796
0 0.5361158 0.10425616 0.029428928162469125 0.12129715925869296
0 0.2178329 0.5139235 0.026674634024777738 0.14044572636099614
0 0.250775 0.5123008 0.029017772406302326 0.1360358065766186
0 0.5578477 0.09057273 0.027545863385090207 0.12058906560049171
0 0.89372224 0.053428184 0.0378791267647627 0.1008231289810398
0 0.6414921 0.039143275 0.02457200861854251 0.06910930912393266
0 0.94801587 0.13051748 0.03944412973106179 0.15189184392034769
0 0.3360327 0.03404054 0.03369535750445165 0.0666591684752704
0 0.61002046 0.040305987 0.02747674006903381 0.0723667384564769
0 0.51390654 0.03107251 0.022791945764261398 0.05865402454549013
0 0.9841607 0.33685184 0.03566203518542174 0.18743189383167821
0 0.5447413 0.027124947 0.03227356263682573 0.054647447480114686
0 0.9246087 0.05183823 0.03837305867914031 0.09950392786326298
