0 0.44356564 0.6476408 0.22485140547532328 0.6311384225727079
0 0.8733525 0.7314846 0.23469287521821974 0.7484347634175899
0 0.102032475 0.48071462 0.23742919881064484 0.7342099673191036
0 0.2503997 0.63398886 0.27306107790248 0.7488133738050772
0 0.6807475 0.6219737 0.31594649379780576 0.8013274353575129
0 0.8141434 0.24416912 0.12109592705029681 0.11021744094978177
0 0.20724818 0.24433535 0.10034111183015862 0.12463787531201032
0 0.29280972 0.15936178 0.13232527711775338 0.12896808226541837
0 0.6209749 0.21896979 0.11872750723723978 0.13922374471630605
0 0.527084 0.10400613 0.1915523106619468 0.14227669239218252
0 0.77174246 0.15337911 0.11874557757662126 0.11297540780654976
0 0.39443275 0.22010799 0.1605633913362154 0.14767713485988396
0 0.5783075 0.3106042 0.16177161054053155 0.39445139149907993
0 0.6864974 0.25195336 0.12360335056831351 0.10944705837913134
