0 0.8746691 0.32651106 0.1601776391103357 0.39821183902421803
0 0.49765652 0.24953625 0.12402909985658893 0.28287197379856793
0 0.35515106 0.6728395 0.24426997713074666 0.5149691636721454
0 0.91848654 0.6252431 0.1422645602162741 0.3972824879470221
0 0.75948596 0.2581343 0.10020489744903104 0.2472953153624031
0 0.39336646 0.30257732 0.12961153000935913 0.27673761637828825
0 0.30730605 0.39304075 0.09714213769928716 0.2582279288983018
0 0.4551882 0.5070489 0.14438685720345334 0.42529453881975304
0 0.59938055 0.73487854 0.15813667325594152 0.570403945803841
0 0.24429156 0.19785699 0.10210763570856939 0.20476185420421603
0 0.43769702 0.174745 0.096085591771743 0.20281444230058554
0 0.7242555 0.59725857 0.16036061196535212 0.4341288758126777
0 0.30510217 0.24580458 0.10685702210253199 0.19951026625474036
0 0.6607608 0.26103067 0.11700847191120003 0.31903683595379007
0 0.5049834 0.11669874 0.11335527758170014 0.17481655947269661
0 0.5931557 0.20714983 0.10523953689357107 0.2803357875844968
0 0.3545765 0.12510467 0.1042254869316995 0.15893456329967842
0 0.79558873 0.5433609 0.10140563285125426 0.37977090668092606
0 0.6066321 0.21743418 0.09718450974131115 0.1861505922615434
0 0.17673346 0.40198445 0.12684255131869956 0.5294621531604217
0 0.07508187 0.5464408 0.15746981163165558 0.7456538134675751
0 0.9191097 0.06639116 0.12214425409665577 0.12671541387055002
