0 0.46470833 0.77109593 0.09730465683971881 0.15468632098781807
0 0.13611129 0.7169893 0.10760976275269439 0.16470773396791824
0 0.5652603 0.7222673 0.10161835283420421 0.16780650562266855
0 0.7997111 0.69155395 0.11547953859167966 0.1490645385901898
0 0.14499167 0.58064723 0.08536142900532727 0.13648118497179199
0 0.24745014 0.73377913 0.1110717293405649 0.17066944659841807
0 0.66719854 0.70551574 0.11164958470478625 0.1517755037120819
0 0.81428146 0.864046 0.10305783040374698 0.15154473799026807
0 0.44231242 0.65165395 0.08423451738381467 0.14108279357788306
0 0.2969991 0.62482184 0.09991981691969011 0.18560743029017918
0 0.35656166 0.6440045 0.09156840462335307 0.1859356511222076
0 0.11768843 0.43401274 0.13416002637551303 0.6269168537186501
0 0.29602355 0.45739228 0.19647659258322453 0.7448119076123718
