0 0.78153867 0.48100477 0.09983381998741071 0.17775324340159315
0 0.71187997 0.1374274 0.09698417092357652 0.22103515376841756
0 0.10335591 0.31389427 0.12388557410182766 0.20318567386121325
0 0.50373554 0.2744028 0.08542457773334224 0.20019921153054293
0 0.5637127 0.20336045 0.08146398176589915 0.2017613299159873
0 0.22841497 0.35030842 0.12369005123059941 0.19217096609406975
0 0.13899143 0.118714616 0.12099094706099459 0.2135800876721826
0 0.3617561 0.46631172 0.09213614468046293 0.18515144352573737
0 0.74905854 0.774024 0.11272324517952965 0.164487742346246
0 0.81240284 0.6148456 0.1338598366127859 0.1775917492694617
0 0.14017048 0.49384373 0.12250151417728412 0.15480091653756656
0 0.45305973 0.556147 0.09653108648781893 0.18148229057169418
0 0.95250994 0.3264625 0.08041506619347175 0.1644195974022008
0 0.66980577 0.61149734 0.11694666745128574 0.16604418210484015
0 0.44954985 0.09204822 0.11877904286403511 0.18579964349682124
0 0.06600896 0.4278896 0.12450920876289069 0.22034339237489456
0 0.057240363 0.5469433 0.1391673752314657 0.19074033376145783
0 0.46478236 0.9310929 0.11890230096811866 0.1630301392355358
0 0.11552003 0.20800604 0.12263121412305945 0.19569267210532074
0 0.9129612 0.5162659 0.12148289296720402 0.17978119741153653
0 0.95073605 0.96587086 0.12093060774116554 0.07774541360973024
0 0.5913509 0.073412865 0.06938322020550894 0.13380602832029398
0 0.061551195 0.73455775 0.11878251438545459 0.12345180569236315
