0 0.053025812 0.23790064 0.1255807089678286 0.2205011491070056
0 0.21021341 0.46188676 0.14915388989069184 0.24776644751944285
0 0.3973913 0.6010072 0.08143930794613512 0.17640063626291033
0 0.469324 0.46125796 0.08984608557083065 0.1799792421255988
0 0.44805357 0.20241527 0.0649021047890591 0.21108318683736796
0 0.56991684 0.3430669 0.0658305878912472 0.15139289263029485
0 0.31682178 0.24261484 0.08164583974178372 0.19591092906696314
0 0.30928236 0.457686 0.12026661850290385 0.19529226658732887
0 0.8070717 0.50618666 0.09109695204849945 0.16286504628454362
0 0.94036883 0.69480115 0.1051573137070201 0.16649471451569892
0 0.33815217 0.34090024 0.08926497413123681 0.20727818745594787
0 0.6461685 0.097126454 0.08925770780728268 0.18309219611655173
0 0.5464107 0.09490853 0.11453598820241151 0.20946782264550343
0 0.97184944 0.25844696 0.06276311069212152 0.18337815407504282
0 0.30896187 0.251333 0.12505002083082048 0.24151358221086505
0 0.901652 0.95901453 0.26817368367041766 0.09329785776486166
0 0.021006966 0.06131628 0.05370062259462684 0.11720998288310051
0 0.051594954 0.75203454 0.1067983170100357 0.149751909880141
0 0.27439067 0.2990424 0.09082967107847227 0.19607606816004988
0 0.12661025 0.038823027 0.10903774764215426 0.07110290569488349
0 0.085603766 0.9083355 0.186551057334422 0.14862071596894585
