0 0.36372 0.5689291 0.17926765087654112 0.0738010444478745
0 0.19929825 0.44523677 0.2021359414065775 0.06702737749613662
0 0.42088827 0.20747337 0.23336150094628239 0.12400203641967539
0 0.91746515 0.085149854 0.1398117489701989 0.17584138628484405
0 0.58367705 0.40310884 0.20716522058495698 0.09910397803570158
0 0.473336 0.81465197 0.21878263909127818 0.09119271567428452
0 0.44565663 0.4724431 0.18501667976033892 0.08085945575679569
0 0.6775533 0.94334906 0.15781670758018687 0.10194987971566079
0 0.22902948 0.06431541 0.20925921899634622 0.11169252196268915
0 0.24166894 0.3072127 0.20287013277396607 0.07817007212488584
0 0.9547918 0.8632008 0.12334974077126201 0.196743858007998
0 0.34938797 0.31246358 0.4218894039590134 0.13183289890231956
0 0.7256384 0.032803275 0.17956125081195293 0.07360100636122084
0 0.13673876 0.52706546 0.20419196630906822 0.06462019326033357
0 0.94444007 0.9565115 0.08239643635758322 0.08294582695671662
0 0.104169466 0.57069695 0.19253275842713996 0.056542199712762975
0 0.085762605 0.64241606 0.1883424407115113 0.07820565437857795
0 0.8437255 0.9693576 0.10700994608262734 0.07105017322502068
0 0.034880158 0.024168458 0.1100996279764402 0.04800320895304969
0 0.29766256 0.2671668 0.16751046078240855 0.07131154281243818
