0 0.43735483 0.6191069 0.09452764260916971 0.09248182344986537
0 0.61522865 0.64821976 0.11065042484170683 0.13170118580850848
0 0.71243864 0.5452336 0.11650097381034653 0.13102951999394627
0 0.5331512 0.6767265 0.10600327403662012 0.12423431097907289
0 0.90091664 0.5420436 0.15539731111184715 0.12734456052956525
0 0.90776855 0.45271856 0.13441536809740645 0.12023157138876191
0 0.34983006 0.5494172 0.15869603227063656 0.12698143856446187
0 0.7212748 0.7603332 0.11970020312800433 0.12294976507156144
0 0.5704055 0.42301765 0.1706932922764436 0.14007894372228577
0 0.5488729 0.5507923 0.1510994027149027 0.13747077153457274
0 0.14407736 0.26706293 0.1993618192068727 0.4414133281416838
0 0.4853157 0.7742115 0.10207579621590256 0.10237194762186928
0 0.2054877 0.7920379 0.09708310774498805 0.08829669957670251
0 0.79245806 0.38123137 0.14172184021464296 0.12680237055169774
0 0.31713754 0.42481536 0.12135539821849893 0.17475725531986483
0 0.91472465 0.77066886 0.11356590757069357 0.1095085208354538
0 0.038059007 0.49449313 0.08210741161265851 0.2137524485133962
0 0.34544086 0.26854765 0.17280404121331383 0.5194882176920331
0 0.78019476 0.31602886 0.14644933677734465 0.4581984547616176
