0 0.30282614 0.73223656 0.07215390638129869 0.10418766171283463
0 0.3607883 0.6748063 0.07595991462299832 0.11547128269829089
0 0.42451024 0.7118291 0.07270538845556554 0.11054310953043271
0 0.8649438 0.80516094 0.10712493155281419 0.14963780923699194
0 0.87912506 0.67019004 0.11771932108426285 0.16829817250902243
0 0.1993214 0.6315819 0.07770967687990196 0.13354487713327468
0 0.26264364 0.65564054 0.07053769165983993 0.11142694153619026
0 0.46932316 0.78282493 0.08989352701360319 0.12317148240109234
0 0.5389241 0.705588 0.08699155151367854 0.1230599594884413
0 0.78865784 0.58676785 0.059958409704687576 0.11333218266640248
0 0.49103126 0.5651878 0.08225670073937627 0.131270236838912
0 0.6096576 0.6783697 0.11051061614831582 0.17874083182570696
