0 0.6232552 0.35019925 0.09813970182276198 0.05357402837565226
0 0.73369163 0.5345272 0.14198932872612102 0.08515045084199366
0 0.5913783 0.50768703 0.08342423250070602 0.04606898046550196
0 0.6861717 0.96175843 0.1267423538429838 0.09552597296937944
0 0.60085404 0.6206379 0.0890779350753541 0.05292473097070019
0 0.58430254 0.66833013 0.14974100923561817 0.055189416315246126
0 0.67435944 0.76950604 0.20174818015026574 0.09654698290001823
0 0.58479786 0.71201134 0.09150178830177678 0.046056261764141904
0 0.5882219 0.43071726 0.13594365311542989 0.05990818685914529
0 0.43965068 0.34767273 0.04522635439387124 0.026270439887710825
0 0.5405145 0.6402531 0.08783938653230082 0.05073346518291852
0 0.4557763 0.2396362 0.04151454326989231 0.022720432949566376
0 0.44041422 0.29152042 0.0419595533965575 0.03878902386120867
0 0.38041094 0.31664976 0.04541146040836999 0.022713311238565494
0 0.42079943 0.22329858 0.051095461769202384 0.03300206809906554
