0 0.3747079 0.6560588 0.11955179692096142 0.05478817593891669
0 0.39128855 0.50043863 0.09202911444613454 0.05148827274787696
0 0.24344064 0.47945765 0.14234060992227546 0.09341847197019548
0 0.30371395 0.24347313 0.18641202677517768 0.08861154588104214
0 0.35403937 0.57985246 0.10848446836874186 0.05138813786153583
0 0.30987683 0.048800953 0.10945565580299906 0.08703640231439441
0 0.42116657 0.33354554 0.15473112330060468 0.062012464626481835
0 0.4182405 0.55896676 0.08614225412530377 0.054577290889447544
0 0.39798942 0.29563797 0.08082395517565029 0.04316302020373922
0 0.38835925 0.38120905 0.15176759986083402 0.07229527603196237
0 0.537323 0.5956393 0.04891566039048796 0.029012635097960704
0 0.60506487 0.7207744 0.0315700859255876 0.02642130901682486
0 0.61071205 0.68554693 0.044174000619800154 0.01919156974892946
0 0.5495035 0.6556675 0.05105827763084839 0.028924138385584917
0 0.6194467 0.7504402 0.043559481632966586 0.016062633681231845
0 0.5671286 0.6148449 0.04577397961912858 0.03344497964658361
