0 0.5975468 0.34123257 0.10132799624017633 0.14247028347850632
0 0.7525514 0.2151574 0.11077976300062796 0.15869244812787123
0 0.44302753 0.34620184 0.06427624123745096 0.11458339868719734
0 0.50927866 0.3132838 0.0905230735276711 0.12990211011129835
0 0.451403 0.18976167 0.08280075247019718 0.13467231021365444
0 0.8141163 0.25923115 0.08541593589827207 0.14136202411301185
0 0.329831 0.29760274 0.06726399141574332 0.11736666723050661
0 0.67491144 0.29106346 0.07005801585365073 0.11498535953917129
0 0.26173303 0.5610947 0.10008955963412847 0.15572378084441987
0 0.41472453 0.6993845 0.13362597829323491 0.42169361716698345
0 0.52738637 0.6975574 0.11977646279899835 0.3867505524068786
0 0.8125225 0.61968243 0.1405559102616082 0.31399944649064304
0 0.1848768 0.46517518 0.07134990817444177 0.17159435705096435
0 0.7987774 0.4336186 0.15745454069083908 0.24493239528343758
0 0.65353364 0.68425554 0.12569371058730858 0.4083674954949046
0 0.09836168 0.4871468 0.08590388605335082 0.1263261708947693
0 0.10872146 0.65414196 0.17595764800601327 0.4333777670687407
0 0.8614917 0.112141035 0.04121215714337395 0.06267609642549823
0 0.5268272 0.54922616 0.09880825819107533 0.15658731671082585
0 0.25583324 0.6929055 0.0949844412992779 0.37793885130080207
0 0.66601986 0.56149536 0.09770159629324787 0.1320225044270728
