0 0.9313193 0.6778368 0.15469337544556708 0.45289797909004714
0 0.43828064 0.6733089 0.16012568214318304 0.3702413924913324
0 0.75379676 0.58466876 0.10334688713582917 0.36560435372068173
0 0.21684028 0.4444122 0.14608036127942697 0.29966428841453324
0 0.5992061 0.80407214 0.12904505852120648 0.3338485656060862
0 0.12572362 0.28894624 0.1564066664778521 0.330203319911895
0 0.6095138 0.41625452 0.09718229212912555 0.27914317072376177
0 0.7124214 0.31014737 0.14974261914787912 0.3343194569586074
0 0.2870658 0.3186706 0.1430546256541307 0.17943072670235574
0 0.40207464 0.4202353 0.12367919387957856 0.18674823854038364
0 0.31018555 0.5363098 0.11170875692034081 0.2687041642403987
0 0.55797 0.52923673 0.10560256712014605 0.1725229373341426
0 0.483571 0.27919242 0.10316840509924095 0.19165189464675003
0 0.34369633 0.7138037 0.09774369484093033 0.24286923204859545
0 0.5295143 0.44659662 0.08609006860091507 0.14356745833502849
0 0.24950515 0.6314772 0.10493854611624144 0.2869815144267662
0 0.40542766 0.5415577 0.07051655026473165 0.15565740281450255
