0 0.22323096 0.26294282 0.11656709210212823 0.11078954334162411
0 0.7762802 0.77506125 0.109341249141475 0.11350912392276653
0 0.4418997 0.30850592 0.16180151457978928 0.13609872697262068
0 0.6058788 0.7049231 0.14143055986352074 0.11610949887401456
0 0.3944901 0.80340993 0.13107534212241445 0.1019646065386708
0 0.34798852 0.56119365 0.12398877237513718 0.15642504401079743
0 0.6482777 0.8458807 0.10063309026810222 0.1130133558036097
0 0.32617813 0.7552343 0.09067478809925361 0.13201180918639255
0 0.48678318 0.7185667 0.09945150616532321 0.11862828995728916
0 0.19148204 0.40991387 0.1794528455882504 0.17287280380261638
0 0.6289097 0.51345545 0.1077559395741343 0.1765540830298327
0 0.7554091 0.0765483 0.09016374033290839 0.04432269788033243
