0 0.5928627 0.29665393 0.11023874705007522 0.11396359880570614
0 0.39144906 0.19285977 0.12327162219077141 0.10814171445240722
0 0.6381487 0.14938 0.13473533762325923 0.13476870588229356
0 0.77231133 0.2213441 0.13669887893358443 0.12962379507714214
0 0.313843 0.2622024 0.11323977717905918 0.14301901018703939
0 0.3586209 0.44709218 0.15758506450937898 0.17084422158351678
0 0.6336611 0.45857394 0.11003965707842746 0.11695001207372109
0 0.23110682 0.7220815 0.1267842805164708 0.1372660462829288
0 0.49912527 0.2716524 0.10964707486926413 0.12769431643785034
0 0.19264302 0.593212 0.1643451825779806 0.1471594136142961
0 0.47529075 0.6896573 0.14686164206094324 0.19452450071238733
