0 0.36549738 0.57502896 0.1386522925799679 0.0736854674648561
0 0.27026725 0.679649 0.18358751037196316 0.08546602048553426
0 0.46786463 0.41264924 0.2127654396835729 0.11420253047587761
0 0.32834175 0.274944 0.13831454465065401 0.09045943583632521
0 0.42423123 0.28108507 0.12358865162355584 0.08513019129560866
0 0.20347178 0.80490863 0.17528779382758816 0.07720795478287858
0 0.30835652 0.3485106 0.10983879932665055 0.07016637884004637
0 0.7169216 0.13736148 0.5801083149372676 0.16828296301904577
0 0.4100284 0.35171688 0.158669255450454 0.09040490510480358
0 0.39304817 0.51237696 0.16772466216549467 0.08412393130323356
0 0.48659045 0.6081293 0.17609269288451315 0.09116596255270959
0 0.7159954 0.34399545 0.47200460073066863 0.13401238285641778
0 0.6500391 0.9308217 0.6585668272710481 0.14333800498314866
0 0.25993174 0.7493785 0.15139285386443285 0.0806196955601891
0 0.33395734 0.13559876 0.28839457058369533 0.1453302166695934
0 0.17135102 0.451743 0.1842670452650941 0.10140589170534209
0 0.75522095 0.62257713 0.4566282623080802 0.11783707036648056
0 0.26273593 0.5745151 0.19070698913324916 0.07888895631095824
0 0.5336282 0.34757587 0.1976141802532338 0.09402071098157806
0 0.60172397 0.79783946 0.668926408285839 0.14281695346917506
0 0.29289797 0.28939846 0.09185667747727384 0.0836778430254357
0 0.46653703 0.45247045 0.12680895121605323 0.06099083274710726
0 0.46043336 0.6759781 0.45061615748265044 0.1245407652601667
0 0.2662088 0.47081345 0.33232076664153265 0.13259507707251303
0 0.26373813 0.88514584 0.18675911247819077 0.08538717452784862
