0 0.5950319 0.7392434 0.1385914391327239 0.3686109519982819
0 0.4553434 0.41768855 0.11836080865400261 0.27196023806996034
0 0.22674695 0.80390483 0.18553580003943806 0.5033825996202542
0 0.31238335 0.40602598 0.1451700614157461 0.3249216999123017
0 0.76903623 0.7702056 0.15843773295210017 0.40850490629579933
0 0.18913451 0.42347798 0.15852493783732644 0.32635664534846553
0 0.5670687 0.44626853 0.1201190859341617 0.2958308110644854
0 0.69368106 0.42634264 0.12686764046726892 0.34355475531845187
0 0.81891096 0.45051426 0.14422222441367635 0.3658982644844885
0 0.086677335 0.38329512 0.10767876465150533 0.338095909402069
0 0.366183 0.61621904 0.12627757201691767 0.32127700332711456
