0 0.7587723 0.71437454 0.1268961007853917 0.482675612608026
0 0.7156242 0.25055686 0.1225488882101822 0.25691692880709716
0 0.5900383 0.20941418 0.12374265467192348 0.22252424050404548
0 0.46055624 0.58387226 0.10919535067425916 0.39171929897427055
0 0.6058059 0.6164274 0.12771201584362632 0.4177109512079225
0 0.14688876 0.65894496 0.1959207521246294 0.626450227524852
0 0.7268157 0.40431818 0.08010881634855992 0.17740090080320414
0 0.44499987 0.37463728 0.07012752691587179 0.12459369947070327
0 0.46023983 0.23681775 0.14080375901468162 0.2794031913774381
0 0.8843167 0.6695083 0.13165981032311502 0.4872832571755398
0 0.58250016 0.3853833 0.10722756905195088 0.13996781292759575
0 0.3173711 0.25284225 0.1001910278779578 0.25089444456043625
0 0.85775787 0.35886514 0.09362712002675692 0.11339162630452618
0 0.2794288 0.6075174 0.16172284978711798 0.4868146631948419
0 0.85321385 0.22967449 0.11425944372035922 0.22435470519393488
0 0.298945 0.3695881 0.09558606005145881 0.12481749767259603
0 0.28810635 0.5239331 0.10545764756048953 0.20316128629597374
0 0.72018003 0.210473 0.11468025154546813 0.12900547435730292
