0 0.35925072 0.6476459 0.12783957735762982 0.16638392413923306
0 0.77054334 0.8548667 0.10602160104838336 0.1572853568988275
0 0.3936614 0.91157377 0.08360459866302769 0.11895552253333025
0 0.42118776 0.7895051 0.07933495660205815 0.09913700578393803
0 0.5715137 0.9498667 0.0790432410583056 0.11860761957867941
0 0.28770372 0.8631645 0.10021483253948153 0.15490871165077622
0 0.5967728 0.7922154 0.07362137202965682 0.11126202808230067
0 0.79625916 0.7031549 0.10842741473499425 0.16395513532622985
0 0.15605992 0.81201863 0.0933882166418054 0.11008071596606511
0 0.47986445 0.86472714 0.08629240618449423 0.12045008517927212
0 0.51815677 0.6751951 0.11063529115973801 0.1666811022105732
0 0.6767566 0.883305 0.10410850372806989 0.19305086332643706
0 0.67178327 0.66654736 0.2012358615637877 0.1641559780393812
0 0.23460674 0.7220926 0.1076331423583928 0.13582163912459394
