0 0.37242627 0.25471804 0.19564286462260833 0.07439252155040289
0 0.21756788 0.55568695 0.1487355011866285 0.06935273332070488
0 0.24313848 0.31062165 0.15230395420228812 0.0774828903727409
0 0.26175356 0.6643709 0.17158272313775585 0.07210382899100279
0 0.23980454 0.18122724 0.19865453944969622 0.08382122446105957
0 0.25217018 0.7788102 0.1386020565819251 0.07102501526352217
0 0.37078425 0.11136099 0.1432344509890022 0.0655057502444513
0 0.51720023 0.7718051 0.16444230932400627 0.06817686383280551
0 0.37379685 0.8114043 0.1758807463461239 0.08200822240806699
0 0.42484426 0.26013666 0.2864649570816122 0.0952489825865264
0 0.24511468 0.43881702 0.15132870413098204 0.08098817341057332
0 0.42355642 0.56429404 0.3266594024584578 0.09987964678218897
0 0.6822731 0.6352413 0.20099633691778365 0.09755824401177983
0 0.67990017 0.78335625 0.5182839016574274 0.15561863954035532
0 0.6397984 0.11909748 0.1700062627292279 0.08916252823664096
0 0.6510779 0.21858133 0.1878910991222634 0.09517382970134636
0 0.43282673 0.41529134 0.3565925070375547 0.12201610727485608
0 0.3962029 0.40430847 0.1467289368814425 0.07373734384924488
0 0.37943786 0.66409534 0.14900435558593564 0.07511911721821478
0 0.46786356 0.67220676 0.3416235319277488 0.10313042892375579
0 0.26769605 0.30148813 0.2674321139603296 0.08837720391591387
0 0.59103304 0.51219285 0.21399436129286528 0.07286177689807385
0 0.7417051 0.38285214 0.4231173481135791 0.10984920962347847
