0 0.7562691 0.56277514 0.17376508102237237 0.06655234840305088
0 0.45988968 0.3727241 0.18084499188413014 0.08456186392759198
0 0.25164315 0.100471914 0.17642513128477477 0.19063282309167495
0 0.2158415 0.69209564 0.18996001783685398 0.08192882340535752
0 0.61027694 0.4073685 0.2323677396785121 0.09296264749956427
0 0.53550404 0.7250473 0.17078140100807912 0.08490621993693202
0 0.43803334 0.6407721 0.16296180875644792 0.09235977894112057
0 0.033657372 0.93239117 0.08217726758633255 0.12332196041273076
0 0.8821399 0.61599886 0.22338901961269908 0.09179311046066567
0 0.12465567 0.9458387 0.1728462732725168 0.1513889488522615
0 0.6326615 0.1567069 0.17437543439775646 0.13654099391126454
0 0.89854354 0.44695705 0.1913514798131885 0.08531931188092996
0 0.6588011 0.90421146 0.13429914812980343 0.1354837850589059
0 0.41955715 0.7867756 0.18081055200294818 0.12859322350693683
0 0.4674455 0.101189695 0.14236335517328308 0.08578918923728729
0 0.87868536 0.7858812 0.23541334203872655 0.11395546030311492
0 0.053146683 0.3905433 0.0884613667385624 0.09814597507809357
0 0.95129275 0.38220593 0.13568646528078887 0.07053335781457615
0 0.9491044 0.54189986 0.06870191111276856 0.08043364137060045
0 0.42683643 0.03131411 0.12404763893173867 0.0763799504584316
0 0.46490064 0.96217275 0.11536938971244537 0.08216187429722425
0 0.6301563 0.97342795 0.11733249647903099 0.06369049365343359
