0 0.90446925 0.8730339 0.12311359881246597 0.1374024782877553
0 0.59777933 0.28309733 0.0810030132737604 0.183953060331285
0 0.6518472 0.18688208 0.07950828783458654 0.19957543996273827
0 0.40231124 0.27117088 0.09202625093648709 0.2263908359737125
0 0.6855684 0.45567957 0.10358467101009532 0.21011956766135978
0 0.64388216 0.7734119 0.11330295553024053 0.21062557387985234
0 0.6094499 0.58299774 0.08677041024551373 0.18280522986705053
0 0.78921247 0.108582504 0.10401931815689848 0.20270339566736442
0 0.8699865 0.33014706 0.08056908491887634 0.1570831369296422
0 0.124409966 0.38059545 0.13296220453957047 0.18531755342492542
0 0.9062631 0.38569614 0.09497221890086924 0.15175202279560768
0 0.3486372 0.56749463 0.09276436867395625 0.1766237246327605
0 0.048414674 0.7412015 0.10570637321464302 0.1842172814637427
0 0.06779054 0.09026392 0.11776493169301484 0.1844792375436398
0 0.71472734 0.5991989 0.1277958737615821 0.1870690746473905
0 0.050137553 0.4818794 0.12388003336505626 0.17769649077211794
0 0.35884485 0.0557238 0.08954912646528788 0.13995838743273883
0 0.5485593 0.043754168 0.06244972698053562 0.0813493730331383
0 0.9449495 0.51959735 0.10128117396011072 0.1637391137623662
0 0.4168158 0.04877224 0.06304093123599633 0.1307401562995372
0 0.8296047 0.42897496 0.08823168756159885 0.14495844682711395
0 0.04151254 0.2563557 0.09439633665493202 0.2663428524868707
0 0.9276688 0.9655349 0.1351786343227571 0.06540613213262886
0 0.15254463 0.64473367 0.10935355110522961 0.12251006084024946
0 0.7990422 0.5035957 0.0767394785271214 0.11940095665994299
0 0.6455173 0.06487077 0.09424839271704719 0.12194946267560412
0 0.47399327 0.031925432 0.06189508569848967 0.05182880883215243
