0 0.18186447 0.32537636 0.1706924813617248 0.07308321200621834
0 0.44373316 0.32052374 0.17725238071525262 0.0708144711698666
0 0.7330438 0.35118183 0.1637311980524452 0.07134210799941763
0 0.7132958 0.9065958 0.16350588912939754 0.1872991377721195
0 0.30437368 0.3792307 0.22118767981087162 0.09460469328849003
0 0.28044635 0.58090776 0.22233149919018277 0.08261163859386665
0 0.5872191 0.40734524 0.18975539471499275 0.09626313924806243
0 0.5543716 0.6628673 0.19513059160282406 0.09228317357271297
0 0.8983724 0.10856831 0.2135101784714051 0.17791620981298684
0 0.05821278 0.619745 0.13615173687678064 0.16177258868107935
0 0.5919458 0.8466762 0.2073317143564835 0.10337545163040897
0 0.5586367 0.07022321 0.1595640667446434 0.13923786709664004
0 0.5193512 0.29891914 0.20952201085691144 0.08038045676751883
0 0.13345057 0.1771512 0.19551786979674662 0.09870678262444721
0 0.71760917 0.94748384 0.21747972836169263 0.07649042564514097
0 0.35890076 0.92119956 0.1287285857482911 0.1490326442746659
0 0.033718005 0.4447853 0.0902545471046443 0.06618316337688696
0 0.5145709 0.95308256 0.12980318817738248 0.0941058130438194
0 0.09731078 0.36334872 0.1797518819427559 0.1023897609570092
0 0.38447556 0.0899546 0.15506160725778187 0.08610066971847505
0 0.045905016 0.5865556 0.1346050230749858 0.07282964976652403
0 0.9596369 0.06673788 0.07256444510911526 0.12181058796784218
0 0.070424706 0.9228298 0.16079822872413393 0.1125492008128344
0 0.85213923 0.96815777 0.12145304682310457 0.06304491956920587
0 0.35069612 0.15138301 0.23587216114045303 0.0942658255979096
0 0.50356853 0.20680968 0.22269392718918177 0.10242763007487442
0 0.9553982 0.97557575 0.09496067183060214 0.05259635732559502
0 0.28136203 0.9672824 0.10571547923420263 0.08646899936084226
0 0.08648278 0.6479052 0.16302421452518379 0.06353948059211684
