0 0.421472 0.6141628 0.17594267189844706 0.09198063595351574
0 0.30917072 0.069776826 0.16973740212949567 0.13434711991409595
0 0.8099404 0.6762273 0.19829715932282632 0.09428142636312081
0 0.52113026 0.8098292 0.25596528913740924 0.11598122869150473
0 0.82289714 0.5433393 0.1996193524592168 0.06314946873497781
0 0.6822921 0.7019778 0.411666774125462 0.13210528013943648
0 0.55800295 0.5472162 0.19368372015299123 0.08548778279872132
0 0.91870123 0.3695598 0.16904262129654637 0.08386527260925032
0 0.8952037 0.46956226 0.2113371033066955 0.09410328836241785
0 0.047908712 0.12222734 0.11922530019406644 0.24984276664059782
0 0.4921888 0.21607645 0.1723333657861005 0.09706526315041057
0 0.6398846 0.44449612 0.18891191220893747 0.08109884490329682
0 0.25828868 0.94254225 0.16255434297300148 0.10372215494899428
0 0.7651854 0.9523288 0.24166468556579285 0.11006347303326347
0 0.9445738 0.4458147 0.1629942564123759 0.06517215206733024
0 0.0932266 0.91815585 0.1484462036024524 0.2021381503531329
0 0.5210825 0.70222306 0.1328367000186478 0.10278714680647955
0 0.9626223 0.86113286 0.07400537960119732 0.11309881979693476
