0 0.25214157 0.113247775 0.09806040467262654 0.2074488299877234
0 0.07480646 0.88665324 0.1345207428175237 0.13302544243832654
0 0.68828565 0.15286091 0.09912355948178565 0.24162164476683462
0 0.7444417 0.2373244 0.08214052930366614 0.20095058741888858
0 0.7225304 0.9536943 0.13979816094242078 0.11179066906563408
0 0.5381395 0.40886134 0.09621543916296843 0.2081673520267602
0 0.13438673 0.073051184 0.11608194917740351 0.1613893743982598
0 0.8044581 0.16750081 0.07414750806838448 0.19712284029741975
0 0.22247599 0.6176641 0.11829911589679401 0.15211424394609604
0 0.7714708 0.38870373 0.09493372735338122 0.15657275209637544
0 0.24347073 0.44139045 0.0827865491417658 0.17169899064892924
0 0.49093124 0.69852597 0.11717237074929256 0.1671940134454055
0 0.5549 0.43179017 0.07624505522178829 0.16760296048719256
0 0.64176613 0.5092691 0.10144883878247148 0.17520440183639016
0 0.7869274 0.5142372 0.12874487955235792 0.15774270644044705
0 0.6321809 0.07659687 0.07943558523275575 0.1434180088209148
0 0.74048036 0.3168608 0.08393793497993185 0.18029550905692168
0 0.4456744 0.595421 0.08406525662161417 0.1810982728172524
0 0.68159056 0.44720095 0.0678302596188413 0.19012643037505694
0 0.45651546 0.07693657 0.06639446382648802 0.12815399153363996
0 0.33010313 0.35669702 0.0709636614659125 0.08498916354444266
0 0.027889434 0.42761046 0.06255061687151785 0.08819072472510997
0 0.9411576 0.96500665 0.109448353948879 0.0713098723624758
0 0.025650274 0.14393675 0.05046990456018788 0.19371184377980227
0 0.85521936 0.055562608 0.09012294636533341 0.09876780165843198
