0 0.6932765 0.15585975 0.11157715928560524 0.22663424669970358
0 0.2531546 0.109865524 0.115855504743545 0.2292600218585097
0 0.21097067 0.60238034 0.10960666711583653 0.16310993963891285
0 0.27366015 0.44391462 0.08526337903718767 0.20210996375524085
0 0.8166167 0.15651043 0.09850876785480335 0.2142469860666366
0 0.7331406 0.31844732 0.09200874049988993 0.162252363439007
0 0.4836699 0.6874056 0.10154049564775978 0.16395015662138704
0 0.5207539 0.3969123 0.06723047644442978 0.17092470359577136
0 0.15703735 0.08485335 0.13685305917975887 0.1779286368635883
0 0.7867744 0.51747394 0.10599085131467574 0.16819688078361167
0 0.76942635 0.40577728 0.08682625136194055 0.1537627768700493
0 0.5506563 0.4590736 0.06136140093589119 0.14921048476211815
0 0.6959761 0.962948 0.11994187438735653 0.0888070538112748
0 0.43504918 0.58022964 0.09325266287696543 0.17168200712097348
0 0.63538355 0.5015084 0.10073179183843609 0.1681297511564255
0 0.7574223 0.24784073 0.10009392206030296 0.20276343559639082
0 0.080279104 0.8748446 0.10858254995767774 0.1474217750030234
0 0.02654358 0.15595986 0.06222878787314444 0.1976591497412758
0 0.64434123 0.093167566 0.09077042032659632 0.17371368195712922
0 0.84558076 0.035871767 0.060382411657892036 0.06787940425378879
0 0.34298417 0.31745574 0.06946997047745365 0.07562152314750081
0 0.6711309 0.42274448 0.07197837731397747 0.17023901287375734
0 0.089793995 0.6507036 0.06513135261693538 0.07606426784028189
0 0.021365847 0.4323324 0.05325500080639345 0.06341131986769932
0 0.45307228 0.069932625 0.06073999826423861 0.1134252514661595
0 0.9385419 0.9678388 0.10093261345566011 0.0743108695870271
