0 0.18231529 0.47039923 0.148720702628919 0.23895510376024598
0 0.48368067 0.20907967 0.1000610736963 0.22084702698587502
0 0.3617316 0.60107857 0.11505467547750807 0.16085918865047683
0 0.3059031 0.31643718 0.15482593122607433 0.2798921541959511
0 0.35449934 0.2435405 0.07661457935546716 0.2013318321397882
0 0.90774363 0.678606 0.14314236298609503 0.16152072150411034
0 0.28996444 0.47626346 0.09435789245803475 0.22114114719076158
0 0.53426224 0.3703186 0.0601292602355416 0.13761548707682478
0 0.45192587 0.4845852 0.08415221309396924 0.20722397332750767
0 0.76222575 0.5165774 0.08962936676923187 0.1427216871809439
0 0.042666674 0.17545669 0.0831772885648389 0.29170250061185965
0 0.9122718 0.96226597 0.23476182353586278 0.08249711282314467
0 0.6287255 0.08787622 0.08400195223732136 0.18341593376788434
0 0.1185623 0.90532565 0.177655331866881 0.14531015617290322
0 0.97367275 0.8461436 0.07065169731888696 0.14151838674515033
0 0.5244098 0.07674135 0.09713762783872565 0.15887387535155845
0 0.04500435 0.7350968 0.10541541661812953 0.13493269520053183
