0 0.17949784 0.4683217 0.1474345864315732 0.23285075791470458
0 0.37313282 0.5990645 0.11152236474364356 0.170221812188413
0 0.48158276 0.20299423 0.10200473434487746 0.2260943234896816
0 0.35319206 0.25092137 0.07887486162602157 0.20793128512699513
0 0.3021369 0.33351123 0.15643591507500185 0.2934721909909627
0 0.28895044 0.47486213 0.09081199707355712 0.21826923201839007
0 0.9146236 0.6758626 0.14712823797619584 0.1668927150557432
0 0.52800286 0.3569653 0.061244600915171823 0.14698671317766762
0 0.4474761 0.4779149 0.0688833538233047 0.1873020692026972
0 0.6277736 0.0866009 0.08093904116008302 0.187785036116218
0 0.7644571 0.52017033 0.09222435054519991 0.14830605558870172
0 0.522326 0.078155175 0.10645277328167667 0.1657413737763052
0 0.9115805 0.9613958 0.24036850244271443 0.0841144234786105
0 0.11744035 0.9120101 0.16435203222401928 0.14005379109085256
0 0.9746675 0.8336504 0.07019812152171945 0.13646316362360544
0 0.16019179 0.03555622 0.07467091418064185 0.06303512021549666
0 0.041355856 0.2481333 0.09243100004688636 0.26950120346402323
0 0.057583194 0.75407547 0.13199296663441643 0.1783069705030962
