0 0.9191612 0.54982513 0.2207182507239764 0.0826177112759804
0 0.6098403 0.50778806 0.16678735504883038 0.07214252692511851
0 0.12534057 0.8421302 0.14612390716215623 0.16510523069180882
0 0.8374857 0.63552964 0.18414624968846702 0.06706870891607809
0 0.43972915 0.68152815 0.18599564202657484 0.08932978688249228
0 0.54277796 0.85500616 0.24352645518047236 0.14146430506902774
0 0.5404354 0.6022303 0.2114313290089198 0.09096132116780013
0 0.5040432 0.28133753 0.14949861711580573 0.11458677110771337
0 0.9355512 0.3844407 0.19722399698161266 0.09716862926037037
0 0.3479666 0.09541046 0.14587396495499966 0.13019425223894843
0 0.73099244 0.69248736 0.2984345789589705 0.10449305166328968
0 0.25737914 0.9546329 0.16260668763378403 0.08645886924553149
0 0.03775978 0.12007362 0.10248012288618284 0.2347148902113777
0 0.850272 0.4864897 0.2037611808920261 0.06785271893022543
0 0.19643258 0.0708564 0.11398182481553892 0.13356686502194967
0 0.56719774 0.7531379 0.19658041825527903 0.07796542658109386
0 0.9720457 0.8089466 0.06950558103875555 0.10200065838506943
0 0.4808622 0.034991764 0.1219509619178907 0.05874273972600428
0 0.694557 0.9798709 0.1037510058445636 0.05290970772704425
