0 0.5597203 0.40780443 0.1502118413529294 0.054838787959185196
0 0.7023784 0.4039508 0.15287682771516836 0.07395704894649885
0 0.31427088 0.6899926 0.2943694224267905 0.09723651342038797
0 0.36389557 0.46204337 0.22094937070166953 0.09304115753786936
0 0.055429853 0.47689265 0.13255568242015237 0.13687900412745604
0 0.42870736 0.5784657 0.2648236101287379 0.0869000283877577
0 0.4730807 0.32081774 0.17541128857333138 0.06664007887632595
0 0.9203371 0.85018414 0.13238278152763924 0.1384124470324331
0 0.78995085 0.5730347 0.17367585032198302 0.10186677548838859
0 0.95191294 0.06885934 0.10904016184825671 0.14078817587559825
0 0.036277253 0.95980483 0.07896211502305374 0.08167933335835953
0 0.60182744 0.052877408 0.12834438090107894 0.09774851533196123
0 0.045070834 0.29255092 0.09885417823975348 0.08502508828046527
0 0.03326664 0.82753366 0.07370799726479693 0.09102636175263994
