0 0.35472474 0.3400902 0.09912579803795932 0.16650602874976878
0 0.69006836 0.19513017 0.09711810295203974 0.13644651220693108
0 0.60191035 0.5194703 0.10635289245940495 0.19618985330852803
0 0.78046864 0.5738672 0.17344072786874176 0.27842018758148324
0 0.44194862 0.55644745 0.10402697499485235 0.231596608677727
0 0.2229471 0.4252073 0.13901882141195504 0.22140992325693412
0 0.6024774 0.738665 0.11620970492657692 0.21217623987577472
0 0.66339487 0.53583926 0.08836137164610511 0.1651593463147967
0 0.30343544 0.61758596 0.13645846852143964 0.23542384350700626
0 0.8937149 0.23253524 0.07584061543198829 0.12653503439501934
