0 0.86843413 0.7291503 0.27378023034672583 0.5639886704434951
0 0.7360357 0.26690263 0.19165752321836796 0.3567012626506692
0 0.85946816 0.17049481 0.19364782380627896 0.3373582036053091
0 0.5488549 0.21954854 0.18799012440382107 0.344687128911435
0 0.38470906 0.17591615 0.17890940699106764 0.2910526551041851
0 0.17377385 0.2331877 0.21062741437431193 0.4017564729791104
0 0.099592716 0.48319426 0.2256269797321413 0.4936579315435082
0 0.26615447 0.13004805 0.15395633906942097 0.2747445198559419
0 0.39335954 0.5042175 0.3027266648486032 0.47125102236809885
0 0.24003497 0.6630584 0.3503970962453036 0.6151766070795296
0 0.57030946 0.59914744 0.31328588165401394 0.7460646703096239
0 0.6517566 0.23710929 0.1433956763492175 0.2878834781986689
0 0.065296054 0.09332463 0.1305149848933042 0.2608462589122665
0 0.06845818 0.32581747 0.13929912830707597 0.25187559718985975
0 0.9364014 0.3712665 0.10329469694814898 0.42879262143793434
