0 0.4677138 0.31801468 0.19835923954392531 0.05889839582148428
0 0.21572162 0.80268854 0.17719476700708278 0.05330263196432648
0 0.6839089 0.5423819 0.3976247744701644 0.08158419724095478
0 0.82472503 0.71379995 0.19557268674401443 0.0693983786451559
0 0.93061143 0.6427177 0.1464230565396212 0.07977382523812514
0 0.9120414 0.36709124 0.18088294879799205 0.08191567750214614
0 0.11665557 0.86094683 0.17037242227446286 0.05186262920414713
0 0.9343212 0.11056736 0.1902199671959218 0.13115237185792022
0 0.7444297 0.9662479 0.307428713678125 0.06596190608822204
0 0.64820224 0.8950347 0.20556180465484206 0.06951330258509374
0 0.13669086 0.75528485 0.16547564052949196 0.05828909578074321
0 0.7983808 0.25045347 0.28020350235597064 0.09455544249735724
0 0.39132556 0.3708814 0.22210492062742748 0.06570716059035782
0 0.34777465 0.8865987 0.2391945426285393 0.08663787648150824
0 0.6196733 0.8077878 0.2711871730978554 0.08273580463019388
0 0.53454304 0.25839293 0.1657522354221246 0.06132624762375291
0 0.5420156 0.6029299 0.4273034694508044 0.0925284283331057
0 0.24172455 0.59847975 0.13106806087161244 0.03551936473657315
0 0.84600854 0.89474815 0.19927940709868372 0.06726715674669469
0 0.7026119 0.35177484 0.12002812267909516 0.04348042199939592
0 0.7448523 0.12894909 0.21494139371684517 0.07925405818421859
0 0.6822763 0.5191258 0.2692339483772052 0.06596437540199532
0 0.2870152 0.22399063 0.16974691594674327 0.0756356459500118
0 0.27007383 0.33482605 0.132935186427681 0.0398283775717367
0 0.21612431 0.7022548 0.1425255133491404 0.04228285776816576
0 0.9453033 0.8423503 0.0730641932784003 0.06646214558695616
0 0.24136592 0.39044935 0.0936166166400757 0.0490073334058767
0 0.04849685 0.79540384 0.15790782713389628 0.053660512363391595
0 0.6971612 0.43213037 0.20255615707298624 0.07053556948729048
0 0.3736906 0.7141275 0.17804689657071637 0.050039954787476
0 0.30222827 0.65178514 0.14273288219376645 0.04824283175688805
0 0.3881647 0.076450214 0.3595329010365105 0.10972521120197395
0 0.41943905 0.83301777 0.18181554895973748 0.06207074298799451
0 0.060742766 0.42829582 0.12161706711494567 0.048247425974338294
0 0.07977923 0.8812754 0.1785039177203086 0.08405074880049399
0 0.50113267 0.96879965 0.2639909048659693 0.06836425364696157
0 0.14538947 0.35355008 0.11834086400325018 0.04189710745828212
0 0.7374007 0.42661932 0.09367163502105949 0.04543079895271406
0 0.28834024 0.5630154 0.1282192034043069 0.042315886110347804
0 0.07872947 0.5797201 0.11794144085406946 0.03728309816851592
0 0.52032554 0.414183 0.23860149363380892 0.06477923001849836
0 0.33089247 0.24796265 0.12870506280733313 0.04234928777505375
0 0.08665137 0.5499387 0.1583228969595725 0.040176850443247876
0 0.16144748 0.30435526 0.2970556386324237 0.0777777296540946
0 0.50525075 0.081440836 0.2433906254506086 0.07204286316915616
0 0.4745503 0.5477853 0.20025377538556666 0.04727574754419257
