0 0.20971444 0.7475535 0.13336437806408724 0.32662770764819626
0 0.3946909 0.88313276 0.18543859720276232 0.3721740668923234
0 0.7358123 0.24930926 0.13499548850518206 0.31546730988548005
0 0.9046722 0.28277466 0.16202913279260353 0.2430158266346394
0 0.1472797 0.49177656 0.12674245613049295 0.17425813874269108
0 0.42862272 0.39355853 0.11236688780502564 0.24124711067693388
0 0.77602506 0.4759122 0.18216390367101307 0.2981068103261762
0 0.07387246 0.6863385 0.16043453033794594 0.3222436278135388
0 0.5148534 0.2288715 0.06394098066811267 0.13549559598538755
0 0.68748116 0.7702906 0.21263940712525603 0.44362998627375977
0 0.3494786 0.61594516 0.18743285315409663 0.3709503950247288
0 0.5155903 0.77793056 0.1633112865531695 0.40854411937255874
0 0.25515202 0.18764482 0.10038580414335951 0.14694753679758538
0 0.13284083 0.34400362 0.13727009186893604 0.23608651708836761
0 0.31285638 0.36735407 0.12722839125884425 0.1878612848373461
0 0.6817306 0.27325618 0.11408291606270503 0.15763764510930753
0 0.48276764 0.3027178 0.10716992219842575 0.16593084995018487
0 0.65651524 0.15706228 0.10060243639773922 0.1450468964330321
0 0.09588192 0.850063 0.1433060350359292 0.1981125528231274
0 0.9313157 0.7354496 0.1639207220568363 0.47470920340138906
0 0.41039878 0.21421129 0.09254154562366092 0.13375521255825235
0 0.37267897 0.28115383 0.10913627978259825 0.1662292178496509
0 0.545063 0.3820317 0.14966682319679817 0.24497354309851452
0 0.33356768 0.18038943 0.06730735427106357 0.11617278172889288
0 0.83652717 0.2640517 0.11974308220396657 0.21336865172410535
0 0.22653702 0.3861766 0.13373043838040424 0.3013891197004558
0 0.6943883 0.06017701 0.07493881151825442 0.12017167835818807
0 0.20623809 0.21477048 0.1029580972486564 0.16071769574750314
0 0.66313565 0.43993407 0.14322119380859333 0.21297114497325487
0 0.91865015 0.16521707 0.0819986354106608 0.139128127902076
0 0.47278 0.15607858 0.09104641005556152 0.13697446274577554
0 0.28126183 0.26032084 0.09756495363820189 0.11592448635713648
0 0.069865935 0.21751247 0.07630667050096411 0.1222527135633858
0 0.95512426 0.054267753 0.07654179703959967 0.13061950368974676
0 0.42509738 0.13469265 0.08448495074454415 0.12827555567380322
0 0.56989473 0.1104209 0.0840179348181865 0.12879900671428812
0 0.9019077 0.4689083 0.156040589223613 0.2150561489261984
0 0.7544252 0.0440023 0.07364397665414568 0.08782122352444326
0 0.97067904 0.22863258 0.0664565411787101 0.24946465071985674
0 0.36806732 0.10965868 0.08273228349857409 0.12655977724842113
0 0.8946065 0.048554108 0.0738040830813776 0.10728338271401351
0 0.55172294 0.18458079 0.06301094229079635 0.1175022640808188
0 0.6085921 0.1580768 0.08406338866434357 0.11941528783378197
0 0.59188354 0.30064392 0.0825532446842846 0.1468542136923224
0 0.63503367 0.07250384 0.07983048718492297 0.12564969512225166
0 0.13124622 0.20742308 0.08114806044214332 0.11956071732306689
0 0.82520413 0.1100186 0.08623181259167811 0.18363199222120732
0 0.03665772 0.37786853 0.06268911232551393 0.25684026104627744
0 0.97965205 0.038332883 0.047117363136702284 0.1159185446596326
0 0.022857707 0.1823271 0.05515549454604864 0.12323035456532816
0 0.8494445 0.054811627 0.07692095089625561 0.11874080936679414
0 0.51416457 0.11440619 0.0730271114913219 0.11993089593375134
0 0.3070012 0.1557889 0.07879942373165903 0.1537185316449955
0 0.94450325 0.024942182 0.06868464037998946 0.05368441740586634
0 0.97175497 0.45074862 0.0521769255610549 0.21196523495654013
