0 0.22158949 0.43279037 0.13895834654438063 0.057978118828393044
0 0.06430962 0.47497544 0.15527627403968716 0.08720503899241937
0 0.1438165 0.3521676 0.1727836664268049 0.05297150058921078
0 0.41759956 0.7065642 0.21973226205337396 0.12349229932776992
0 0.85337096 0.18686835 0.2964502298769701 0.34953473456505163
0 0.5003724 0.1837868 0.22981628522309908 0.21613334318809288
0 0.04717077 0.55179197 0.12431629701407584 0.07504827975699996
0 0.15968442 0.26724532 0.25120666785020673 0.0950708672220393
0 0.29480308 0.56388396 0.21831551375287667 0.058891035144807535
0 0.057834342 0.4766598 0.16368327882717817 0.04095834241415136
0 0.4108482 0.47418106 0.29479358737080225 0.08490378751206744
0 0.9124316 0.7920629 0.15979505563248375 0.06372157953759693
0 0.044326782 0.3711017 0.10406973775158274 0.096838388686353
0 0.17081772 0.30090684 0.1113085647807877 0.03950170822038547
0 0.23373395 0.63835263 0.2712763464137984 0.06956159154317092
0 0.07681045 0.18721403 0.16228791664660272 0.14755837935054875
0 0.13612804 0.37274915 0.23071924226446355 0.07097584853229588
0 0.7154967 0.5902193 0.13985202723270843 0.05751944989116835
