0 0.16533338 0.5582101 0.10482883589485079 0.07166158771633539
0 0.16933686 0.299701 0.08781086314519802 0.060981566791539744
0 0.18099326 0.1678964 0.09332253225737361 0.05973970541751632
0 0.3867051 0.10298615 0.11660030030449571 0.08089331390571307
0 0.12961048 0.88951784 0.12158924326212926 0.06300365692907658
0 0.12613605 0.8294056 0.11155170707124358 0.061306040601077194
0 0.30581126 0.96927345 0.15365534128303596 0.07074470944980278
0 0.1915649 0.050315455 0.108312402231672 0.05268614147603548
0 0.052870467 0.67242473 0.08597335534922798 0.05791617175562276
0 0.7954723 0.16347748 0.1312406077957763 0.07933291698743479
0 0.41710034 0.61150986 0.13382733635127286 0.07822144299523694
0 0.6233339 0.23859675 0.2146681145763358 0.09513558460032229
0 0.31282073 0.49070203 0.11466605774119432 0.06437223371200786
0 0.80697644 0.3555671 0.1201829735965613 0.08222001916509908
0 0.1274901 0.68870723 0.10634114289686677 0.05886252983092827
0 0.399647 0.85421276 0.09239266768687318 0.0732344272578783
0 0.8408563 0.09372127 0.12781098045220754 0.08044435265170803
0 0.7920698 0.75437415 0.15491326101142747 0.1423469806206244
0 0.46904826 0.50426775 0.17797007443301358 0.07083135342929696
0 0.719857 0.6132125 0.1803015284603821 0.10964014295729359
0 0.5124228 0.39503694 0.12256165672546994 0.09831937807426051
0 0.40702847 0.18252803 0.13257152942987366 0.06538188215639251
0 0.06016413 0.043374706 0.08068041790252539 0.057671277664399154
0 0.24089311 0.10518099 0.1497318189476833 0.06659197581100973
0 0.8868742 0.91116935 0.1548522253713714 0.12816565014428377
0 0.29309875 0.6573264 0.11102357824455832 0.07661056965055982
0 0.08178532 0.6284674 0.09026621430268318 0.04281132315900103
0 0.6577667 0.8963144 0.22545453007212685 0.12812123409950632
0 0.90094185 0.38292363 0.18580509654666033 0.11501243941594243
0 0.11493749 0.6473004 0.04757223574911403 0.04559810021879343
0 0.6494952 0.7915374 0.10605975357451906 0.07536555936261274
0 0.17893681 0.015690682 0.16036484904117684 0.03064283619379169
0 0.87687206 0.12929353 0.19792130257544074 0.11915824053498171
0 0.17505872 0.09711282 0.0983787119121775 0.05262552717360108
0 0.48822513 0.8863933 0.14384556906119003 0.1360624485328674
0 0.22087733 0.57418984 0.07575499041164366 0.070914820305399
0 0.2089154 0.17983417 0.12294691722968648 0.055669292540034686
0 0.28353727 0.24788986 0.11369083191886728 0.07637746281348728
0 0.14445873 0.9349242 0.058438272953002225 0.04294329372808035
0 0.43782538 0.18443912 0.20236502309636586 0.09265343843614525
0 0.9126291 0.258224 0.2329050382882038 0.09255389508279625
0 0.8633861 0.86976165 0.13897969047953357 0.06768469741069777
