0 0.23558776 0.5576342 0.06546340916050875 0.24012482298661422
0 0.639363 0.49937344 0.03160240936618803 0.11069160850595466
0 0.5800948 0.63611007 0.07381723070568663 0.27610876455761735
0 0.868578 0.59821546 0.10071158737694458 0.40585886231056223
0 0.7379563 0.5697635 0.07411759361396236 0.2962933402961727
0 0.50294346 0.6997842 0.13459021903211507 0.5842639578121553
0 0.38547042 0.58003414 0.05764320234349645 0.2199356448562171
0 0.79909813 0.65694 0.07296651450107533 0.37412989185248136
0 0.074759066 0.5198884 0.05864094133948125 0.21002863837195304
0 0.11851775 0.52426404 0.061370167002077425 0.2083065601746691
0 0.33463603 0.5636384 0.04959169527351894 0.21128175201509994
0 0.66993964 0.53437585 0.039064230096842234 0.15583559313191703
0 0.02805053 0.605027 0.07286345718117031 0.3373260042059508
0 0.19306433 0.5497447 0.03130332915457786 0.10889099688000571
0 0.3647911 0.4927478 0.03783187568841199 0.06560440929568752
0 0.16036719 0.5267595 0.03429809950943178 0.11462902588748634
0 0.31496307 0.51686954 0.033060344028770776 0.11849894869135731
