0 0.44035715 0.10806046 0.16369397730892968 0.04492993531155056
0 0.81294125 0.20568629 0.14402589349736653 0.060890073024781735
0 0.07164258 0.76455826 0.167491800422961 0.047376712091396815
0 0.20495263 0.14287563 0.13353151996966442 0.044970087546868404
0 0.414621 0.9063117 0.11402638522347078 0.03470514906695305
0 0.5785807 0.28137514 0.12060783422744521 0.04022250484824931
0 0.3367648 0.17587069 0.15571650540486462 0.04137055877760435
0 0.9129094 0.020882547 0.17288258346836163 0.04234320585874955
0 0.6068423 0.75026673 0.15889737926549338 0.0363071601228673
0 0.23432475 0.5258326 0.09837071625174792 0.040049276054610145
0 0.8941052 0.7161098 0.1374220673262718 0.04016380383154652
0 0.19662365 0.24448209 0.11560993426503839 0.05140349304096181
0 0.851767 0.36202246 0.1695023821476969 0.0536486568734846
0 0.62596834 0.08429253 0.13884069568232155 0.040380755074010094
0 0.29645434 0.30768713 0.12258751066169168 0.03584463689255913
0 0.93143076 0.88184106 0.10406237350307891 0.043622185994738105
0 0.9261702 0.5915102 0.14637688580189287 0.04624553245533279
0 0.21136382 0.82771635 0.1347776408803284 0.04875895143729716
0 0.33408162 0.8124343 0.1645764956921842 0.04692002302759717
0 0.59846824 0.4927695 0.13048438518185732 0.03546838541457398
0 0.51032794 0.21683922 0.14789288587911442 0.03845337017251289
0 0.6560381 0.9850878 0.14283428448871163 0.03344613986599419
0 0.39914542 0.9644411 0.16364099356405662 0.042577462948033766
0 0.63845056 0.5507749 0.1420803010027344 0.03712492660205748
0 0.31498498 0.8764147 0.1157140073097709 0.04259225512810292
0 0.4539434 0.52260214 0.12881537575054755 0.0388065345149184
0 0.67315245 0.4516628 0.1770376639380151 0.06492441251397417
0 0.6775407 0.92504185 0.12697264303133862 0.040085534151665415
0 0.97095203 0.9358062 0.06133855230265719 0.04110381413776212
0 0.26906455 0.41738716 0.09090897350581295 0.031113915241401564
0 0.38688144 0.2329042 0.1118457200743896 0.03781250552182431
0 0.94347733 0.31683198 0.10120555708868184 0.05643643141955997
0 0.053001013 0.503693 0.12956469389638042 0.03388789939587693
0 0.065579675 0.22792298 0.11035684331783557 0.044854918209066987
0 0.6558361 0.7978134 0.12115250385754904 0.04648709213602736
0 0.5703727 0.8828662 0.13160396114751519 0.040390592182478924
0 0.1700843 0.33107972 0.11166806690947942 0.028595041829869123
0 0.94409084 0.54715776 0.10505372170315838 0.03777156035139712
0 0.2820454 0.74077976 0.13179476357443423 0.045664355494670135
0 0.06295991 0.31725168 0.12498432965552501 0.0403976764598861
0 0.97301096 0.42238343 0.03537091931564826 0.03249705459535741
0 0.25299984 0.45031112 0.1059642202245891 0.03900585548436643
0 0.07460467 0.48332882 0.07556525738513058 0.03854443201956894
0 0.41064212 0.58127207 0.10941227039709782 0.035148662776863446
0 0.06828826 0.29004085 0.14240314217139777 0.041550627087134376
0 0.25376913 0.38031858 0.09370306931746746 0.02660325783040689
0 0.5127812 0.34062874 0.14555421254813697 0.0339544584525583
0 0.79139125 0.3001357 0.1277408843173344 0.03795372796510815
0 0.95799005 0.9830991 0.08814809498444262 0.04395809938100651
0 0.735123 0.82513744 0.12144972197923118 0.04877565550424213
0 0.9056704 0.67205304 0.17728502510946198 0.055455479639269896
0 0.2686987 0.35668328 0.11134561876630764 0.032485105235084084
0 0.33279112 0.08668421 0.17340517967934382 0.04445073377088684
0 0.13076901 0.41637072 0.12693838010776892 0.03370872830231824
0 0.31588948 0.698662 0.07968658990041098 0.03794087787705988
0 0.64126575 0.38037822 0.12133102830361221 0.03499946809743091
0 0.17994034 0.92673814 0.12857864524186285 0.04747208300190878
0 0.61863196 0.6253768 0.1435551673572358 0.04946352963572043
0 0.9813652 0.21657668 0.032325905695377986 0.03492757131302686
0 0.08484106 0.58655816 0.12365282115214662 0.04943009693264086
0 0.30341712 0.27862617 0.10397591198024748 0.032191058831008666
0 0.69178784 0.8833366 0.100997212211352 0.037179543503760744
0 0.027271038 0.96933484 0.07353330567469006 0.05367765567740904
0 0.5942044 0.8305193 0.0848213718456591 0.0365230394971791
0 0.3946252 0.7441307 0.10252634486625162 0.04153378460142137
0 0.5099436 0.38150963 0.1248438240986635 0.041002950623628645
0 0.41482836 0.40731072 0.1559837811070997 0.046415028254836455
