0 0.086074725 0.43281442 0.06744792417473634 0.17347021414519911
0 0.43736112 0.32710811 0.05923002349177333 0.17269681822544267
0 0.24071679 0.08708928 0.06886364114925334 0.1795080303145573
0 0.122996196 0.2166384 0.08321314842774076 0.23199333222813306
0 0.34296298 0.81096566 0.08500255626016875 0.21808227450499543
0 0.66090304 0.5698192 0.08048378541793427 0.19761744411826893
0 0.47985744 0.94930774 0.08205317209977683 0.11532204870426087
0 0.3347636 0.1210771 0.06504986332935121 0.23249676231377223
0 0.5580375 0.5124275 0.06836199769718175 0.18245003529369624
0 0.9328214 0.8527594 0.09183962833603525 0.17337788300281598
0 0.30894914 0.42816636 0.06225698617985043 0.1752688607778522
0 0.0458277 0.05494716 0.05692178517342945 0.11001658850439698
0 0.39492175 0.49062413 0.05354920271112906 0.20933864187674933
0 0.7919785 0.45457065 0.06648660923727977 0.1732490046210413
0 0.8676339 0.06129134 0.07366382078503333 0.17624165086472016
0 0.1262691 0.83492607 0.09841449813469637 0.21074107746177118
0 0.6279893 0.92007136 0.07837196023752084 0.17781986578511574
0 0.2002249 0.85435766 0.062038015921712895 0.16028853498924442
0 0.74642706 0.17234872 0.06078873428490195 0.17820210022718608
0 0.9135474 0.3347172 0.05204189681142427 0.17551102816186856
0 0.020145712 0.50518745 0.043872974533159526 0.18284885644357265
0 0.8745574 0.5912727 0.08092708478490612 0.20807392471085254
0 0.7739739 0.021362858 0.03403719546049571 0.03901230302122518
0 0.6696204 0.041568287 0.03938501439554906 0.0924336492124999
0 0.44510975 0.025187116 0.02684861780809838 0.04866850866022931
0 0.09329618 0.69265527 0.0631396143040805 0.12494135077471209
