0 0.094540834 0.6537196 0.11631617083507899 0.03822196195487534
0 0.2705025 0.9709202 0.1653022618124317 0.05345680520138076
0 0.13538142 0.2656051 0.13935014748119082 0.04680695105404975
0 0.9033555 0.77016103 0.0988475183269846 0.04913584318394897
0 0.807928 0.6032406 0.17795176176402536 0.05444755301867621
0 0.16213886 0.73305196 0.11777423640101875 0.0573349721899418
0 0.0809696 0.19835667 0.11337969497077541 0.06141985337054882
0 0.07386713 0.7923572 0.15301127969306938 0.056239942147770006
0 0.32057568 0.49290207 0.18221274732235904 0.060384070063151225
0 0.40549353 0.8819201 0.09786810117538905 0.05620543694112304
0 0.2715184 0.8956131 0.11195526467709258 0.055663199031779194
0 0.69777757 0.048308156 0.06573988816649999 0.07012573987931017
0 0.6963586 0.38981405 0.0929727872897492 0.05476048398421638
0 0.08184253 0.5371887 0.13659865432818205 0.04595547254112644
0 0.23895836 0.06823601 0.10795334602389046 0.05680024850514761
0 0.2616854 0.19616269 0.09902837305572505 0.03421250324198159
0 0.07467182 0.47322246 0.09007538028952893 0.03329293183947996
0 0.9715519 0.9502427 0.05672143790325035 0.07532027914796818
0 0.92795056 0.39371243 0.0958815175396003 0.05177671338992369
0 0.81495 0.44176358 0.09527543604000882 0.04551440862050377
0 0.7719395 0.15517095 0.062012874717506765 0.050539066757542064
0 0.11564166 0.4064385 0.09904836978837664 0.040637911666783516
0 0.22692749 0.44717422 0.10940175210349164 0.04563647529999799
0 0.17367522 0.07273392 0.09986027534802806 0.04985158021369201
0 0.89909214 0.82101893 0.07696179002683992 0.05109468231403263
0 0.2853482 0.30543828 0.14800905717389665 0.051586577140028136
0 0.049010143 0.4100144 0.0919428981940405 0.03649376615775471
0 0.44564432 0.44061962 0.08924585600880437 0.04825569809063949
0 0.86225325 0.2755169 0.07714905197209956 0.05559805606855653
0 0.67691636 0.2030916 0.07421510477238052 0.044752405895156264
0 0.031188045 0.6215111 0.06035443937743291 0.034475223646517575
0 0.4504462 0.60806805 0.0774058097207051 0.03411266036108844
0 0.9680554 0.45314646 0.06582115516086537 0.052952251316383196
0 0.23984914 0.63376665 0.10455446141171407 0.06980633936006123
0 0.20522767 0.22933476 0.08486742427538822 0.04558759409107285
0 0.35435036 0.046668816 0.0788700855125762 0.04619159450188715
0 0.96597683 0.33070365 0.09356572407675455 0.06373705890015567
0 0.8504822 0.40343213 0.0678954375671155 0.04610514721808099
0 0.15385674 0.45233157 0.07575806356474366 0.04686845912973997
