0 0.8604016 0.50389576 0.15559791426355346 0.430015953986326
0 0.11869389 0.48605216 0.09657748545943606 0.3326763454807455
0 0.71309334 0.5468036 0.10262843081119545 0.47505867795210877
0 0.39348784 0.60073 0.10327669204500553 0.3993271143224689
0 0.59828854 0.59525216 0.12298429768864058 0.565411377152633
0 0.2865919 0.45253995 0.08118589246612602 0.3348297086924029
0 0.038169518 0.4454041 0.06509904106460396 0.28904469434227753
0 0.9682506 0.4531584 0.0655330223343654 0.2528626315771552
0 0.49597523 0.7007153 0.09686251812304926 0.4991342162665252
0 0.20326702 0.5180487 0.09373729628833534 0.3494313773977722
0 0.938025 0.33355 0.036123670531644815 0.07619634418942493
0 0.34873807 0.42597204 0.07185429297038796 0.23307896478583584
0 0.23097967 0.38448894 0.05096781040356292 0.10290055549792157
0 0.7842184 0.46598002 0.08117440001444834 0.29808810900825616
0 0.8803654 0.38221812 0.05314803988377251 0.14136341633135802
0 0.49649823 0.366042 0.04538418697697752 0.06859252865557934
0 0.6641371 0.35072926 0.0415972194966783 0.10195537162019876
