0 0.6003344 0.75374115 0.10516460381445376 0.06795638932074632
0 0.19111134 0.41124836 0.13208215531402595 0.0906950668319759
0 0.6886363 0.6456273 0.11960409400505395 0.07787110400943865
0 0.61123925 0.3540089 0.13595929306529284 0.10393944474868892
0 0.65897125 0.50376546 0.1738328742830396 0.12319742319690952
0 0.31029668 0.5926063 0.18651351374952455 0.08800070915617911
0 0.042688992 0.37737173 0.09290543448876942 0.17981685788144977
0 0.04703027 0.10540274 0.11546135294686699 0.07014107471221598
0 0.055529635 0.20239687 0.12587082625067408 0.08975114462301244
0 0.9364801 0.89350903 0.09542117324245925 0.05308348899477299
0 0.056572802 0.6163715 0.09889451212481742 0.06883760044418108
0 0.94728845 0.79438096 0.10556944143167349 0.1731080379157283
0 0.89922327 0.5472887 0.13218188599881103 0.09873159930564522
0 0.853973 0.3640359 0.15157977480008145 0.11237036002979967
0 0.91864884 0.13770811 0.10913761213845419 0.06915794353139494
0 0.18371305 0.47357434 0.16063443941926636 0.08201749515485644
0 0.9373051 0.8296602 0.10635381223246108 0.06796474965539799
0 0.08992828 0.6799407 0.05997203138953398 0.055364952869688955
