0 0.72824365 0.6144146 0.04402863805874481 0.16899067124391087
0 0.40540624 0.58825547 0.060915934615755535 0.25723154246876706
0 0.32519457 0.51395184 0.09309475984624155 0.28374570931488946
0 0.19080481 0.5355214 0.08255112107142892 0.24663281062471207
0 0.49190158 0.6406943 0.12438533697471578 0.413428044538378
0 0.9207021 0.61853844 0.15015182211253847 0.5503484866147718
0 0.6068791 0.57360905 0.05486910492489622 0.2759294525343547
0 0.6677402 0.58183056 0.0754461604268843 0.27048209947720775
0 0.08993198 0.49583298 0.03455721008787808 0.1228214158436979
0 0.8450149 0.5443317 0.07108547980244823 0.29258424463264354
0 0.78971076 0.64477223 0.07332199227030695 0.30290430205774965
0 0.5559164 0.6046571 0.05491131845404697 0.2995520186291462
0 0.7453213 0.47041377 0.04355583291030952 0.11665523744208363
0 0.7854466 0.4481799 0.027530335587947236 0.06212249530689646
0 0.11835176 0.50070286 0.03718916175029554 0.11853621868318455
0 0.2757494 0.47538063 0.048812749171854554 0.1483316933948927
0 0.8157033 0.45664102 0.023051885739439407 0.06889056825475771
0 0.38184726 0.4707886 0.02947288220672455 0.07663577141259507
0 0.14601769 0.46295553 0.03439843802913379 0.09970646299501429
0 0.71676606 0.47603488 0.03542736636784317 0.11176646319178234
0 0.4970354 0.44430766 0.033423678161463896 0.055144328507025255
0 0.6275631 0.42994165 0.02894362784076214 0.043538826680639985
