0 0.78495175 0.50809574 0.1405116978612517 0.0392091000900129
0 0.7713569 0.38248408 0.13855909566570365 0.04706836693750799
0 0.76742125 0.62539285 0.15195727965087816 0.05152971864687013
0 0.9067249 0.5558758 0.11869687231317577 0.05414459045010539
0 0.36774975 0.33812308 0.193123302209213 0.06459504755683743
0 0.89294827 0.2694731 0.1412153359104929 0.04650232212603059
0 0.8351519 0.94879174 0.1256794599556442 0.04081028961635214
0 0.93802 0.87019 0.11656453900498381 0.04252838140950103
0 0.54933184 0.04739898 0.16116993946886296 0.05486025092352748
0 0.9088477 0.80298173 0.11688741786117776 0.04179773909774581
0 0.42310628 0.4520576 0.16230351450412225 0.044718377756407905
0 0.3080716 0.7059497 0.17645554823661455 0.060613069732781785
0 0.6727979 0.16494082 0.16211437550144372 0.04712953739118239
0 0.64810723 0.38821408 0.16307003914365512 0.05054289589093387
0 0.19786683 0.9099561 0.21482782335396342 0.0686370150706508
0 0.2813062 0.6133524 0.20912735898959647 0.06870344420287994
0 0.77895343 0.07576444 0.20704257650586552 0.059864454162205635
0 0.5527253 0.4928976 0.18824652882059392 0.05708072759140655
0 0.9634682 0.6202523 0.06355508434160231 0.04463715611859999
0 0.5126665 0.508101 0.20433999848231507 0.06055125983810889
0 0.5892083 0.42836797 0.21187225192108464 0.05216527237097695
0 0.95924515 0.33362758 0.07221685465584332 0.035252765828396246
0 0.46716747 0.80286336 0.19599152035428594 0.06940117710077436
0 0.46969113 0.7552344 0.15844554458990978 0.04366911326646017
0 0.9489158 0.38894328 0.0706544135851626 0.03654762282384175
0 0.48564535 0.70241374 0.18324427232992496 0.0666170272993425
