0 0.57922363 0.3918511 0.18029842752240996 0.060268482058731
0 0.27967852 0.61626107 0.1911909005729351 0.050345672005593894
0 0.08993472 0.42099333 0.1473699552270236 0.042928437245673585
0 0.22743009 0.049068637 0.13895665242285096 0.04172475721289622
0 0.19021282 0.9405436 0.15102643528273937 0.04442236585106932
0 0.5103447 0.591445 0.1913300476046182 0.05408006724963132
0 0.177966 0.36862725 0.1654269516065139 0.055347347994259784
0 0.42284727 0.2261548 0.18928173778603963 0.0572093476748736
0 0.56485814 0.8529147 0.22900603593567198 0.05942469412082112
0 0.14302072 0.5579984 0.14604349692566204 0.05486254014611911
0 0.07992388 0.15523775 0.11408336804416613 0.04168921663030423
0 0.7343372 0.63481206 0.2265741189199211 0.06736611004305078
0 0.066954985 0.87597907 0.13934264145402225 0.04102424705158434
0 0.08823441 0.3142184 0.10945082192413204 0.04430793163769196
0 0.951179 0.9558719 0.12533103138859158 0.07125347447677186
0 0.17091158 0.47474918 0.17071983105144972 0.047155113605328036
0 0.59193885 0.21486819 0.22152048804459498 0.07521266718183493
0 0.6048729 0.74790484 0.16942708237518223 0.050428373889490084
0 0.8332535 0.24060676 0.23242986104861904 0.06806123125450297
0 0.34703234 0.68934834 0.24159089243761248 0.059248429840836905
0 0.056253877 0.6142116 0.10704665142759034 0.043661293878372545
0 0.074806735 0.7948274 0.15501421201796162 0.04963610909952246
0 0.13400933 0.26615253 0.2195580391442826 0.056471566261980445
0 0.19563368 0.097341195 0.24059132625709942 0.06429839329982484
0 0.048711408 0.11423474 0.11578103097002762 0.03886019048720022
0 0.6203419 0.7966888 0.22270339950778942 0.05444580366774123
0 0.21823294 0.50266546 0.23340355368930613 0.05485340246335893
0 0.13946624 0.5212559 0.13675349991987026 0.03465923247986469
