0 0.5671783 0.4256777 0.04195441682491929 0.1856136977556527
0 0.6480062 0.12515835 0.05894481326361383 0.21540257769053056
0 0.37055722 0.64600515 0.030399696311668615 0.15262873343704086
0 0.72981894 0.8963069 0.04433247376096305 0.17341427763344738
0 0.8540519 0.5812476 0.04857904596832373 0.19241545015647224
0 0.056481387 0.807916 0.041595016195867765 0.1450422409785313
0 0.94215405 0.58462244 0.048575894513352876 0.17814079490122908
0 0.30449316 0.3230952 0.03957709839800032 0.1824578152026738
0 0.48918143 0.80016524 0.031727244369662067 0.14935393363359595
0 0.5940474 0.6741259 0.03203107397806321 0.14517187429345596
0 0.540183 0.16355439 0.033944533046299366 0.16228743373393778
0 0.37836996 0.9117285 0.03951871901975664 0.14720835359826157
0 0.37754375 0.09035608 0.08414848998657243 0.15342028095344606
0 0.49333203 0.40478516 0.037317284079747805 0.1619318421955734
0 0.054094642 0.18914971 0.0630983941149797 0.21147589448254997
0 0.30433515 0.46091586 0.040848551540620386 0.14708765552910996
0 0.19170706 0.37950677 0.028926343382650866 0.16214616078712335
0 0.38614276 0.7502013 0.03212575899337878 0.14726289127631478
0 0.46039385 0.88312626 0.02866082990928364 0.14345438912008066
0 0.62493765 0.6818283 0.033135516610376836 0.14944159257377457
0 0.24755286 0.37023494 0.0466298987176264 0.1748037517709897
0 0.4243526 0.8506859 0.02842067787278889 0.13890259792589107
0 0.9163231 0.02958539 0.07581682204998581 0.06016055344032471
0 0.51832134 0.533227 0.0314629066881756 0.13764581803559156
0 0.1413028 0.90174586 0.05605963515938699 0.15795214459917417
0 0.5310607 0.96803826 0.02519175562780753 0.06634348442832506
0 0.5984914 0.94159484 0.03920858863383322 0.0974945297522673
0 0.6455603 0.9482912 0.02077571786682219 0.09230437982336007
0 0.68090093 0.9335649 0.026987841162444116 0.11657775860719134
0 0.8955479 0.84501237 0.03282260583444865 0.134276916423168
0 0.906643 0.7524261 0.04328474664998391 0.15521324122425206
0 0.9849422 0.4319692 0.035169924815723196 0.19714796822306468
0 0.9160706 0.8579469 0.029328551582918427 0.13796844181072232
0 0.21745822 0.36104912 0.038565174112118 0.20090202581996866
0 0.9895738 0.67337155 0.02712029914791025 0.17942747214780988
0 0.944325 0.9849003 0.024188999721466178 0.03463865611081838
