0 0.5069815 0.43720904 0.028234067584533493 0.15085605668914664
0 0.4637831 0.31139517 0.030868453681848172 0.15168813559789018
0 0.4279631 0.7356152 0.04253629858751688 0.1904914691227148
0 0.60122174 0.3327458 0.03125237652503023 0.15818242917772546
0 0.14396083 0.76884747 0.059117673871878676 0.20481055761097233
0 0.61909205 0.15289228 0.029510232860164118 0.150753519414999
0 0.9001067 0.91034544 0.040706034007326634 0.1764199261749031
0 0.6813198 0.5446726 0.05362051087520901 0.1710868054107693
0 0.62520504 0.46168303 0.031465849327992124 0.17686342764581828
0 0.26756486 0.11338655 0.03579013880511061 0.17572234200930792
0 0.4094437 0.23483893 0.025890618214759208 0.12363661379189014
0 0.6844819 0.42574626 0.02974303482408364 0.13019606162377326
0 0.39299867 0.9245792 0.043186750861959285 0.13233999171959895
0 0.10033364 0.5487547 0.037736616858906544 0.18605760051475753
0 0.06390356 0.33066604 0.041577366320523994 0.20348075701794946
0 0.37127313 0.43336615 0.03333903319893471 0.15900603345682707
0 0.13423593 0.9164903 0.05115337734657942 0.12614858505645143
0 0.94168246 0.2030567 0.03476062874441221 0.14879679350737854
0 0.57009524 0.11918144 0.03215204303813113 0.15016346490221105
0 0.37984836 0.08913168 0.052997389346320936 0.1715969060105766
0 0.80940324 0.58419466 0.03624973041255774 0.1713612284664652
0 0.51761127 0.11418246 0.027174444267091702 0.14359303567603623
0 0.09006433 0.15111488 0.045283010435474336 0.15062873619119616
0 0.45319307 0.9570502 0.040126407191725416 0.10413668196121635
0 0.047394063 0.42062047 0.0370031269959288 0.16723068685308032
0 0.4870846 0.058926377 0.03527330898043001 0.12039560299601548
0 0.7501795 0.6403547 0.026362652095406825 0.1533784872289061
0 0.13052917 0.0948289 0.023781418912160044 0.13058326214819424
0 0.53997225 0.10987924 0.02811452165597356 0.13541093790464506
0 0.78299254 0.6173032 0.03147617979658611 0.15452684262749253
0 0.86161286 0.03545131 0.03972343556087575 0.07944562018574457
0 0.011236742 0.2454641 0.030566854339236317 0.13846234995785833
0 0.047329552 0.019284582 0.027022728808968773 0.042388657928319626
0 0.0119400555 0.4012534 0.03164527128236839 0.15792356413002784
0 0.110739745 0.11757507 0.028551468693649038 0.12581136619462577
0 0.9866203 0.6161167 0.026553736078692852 0.15427923585192452
0 0.2968414 0.068408154 0.025522230481174094 0.1102954487192134
0 0.42563447 0.02317934 0.026941675974173778 0.04067778588153437
