0 0.1605972 0.39590693 0.15211700002853648 0.05275581673883679
0 0.4741297 0.4109037 0.18924843174178138 0.060077380635778034
0 0.059304312 0.6777716 0.15042443871949762 0.04181872280782812
0 0.24924928 0.089991055 0.15483673941740925 0.05703842103790154
0 0.1534597 0.034245636 0.12591580353555448 0.03977533929967877
0 0.10515018 0.85684425 0.10818547970206122 0.048677730694941176
0 0.064420305 0.73329926 0.13048409694416072 0.037126166772988835
0 0.15519401 0.9653912 0.13152387940786298 0.04810014772114963
0 0.613473 0.5016372 0.2309379591265573 0.07064761053591351
0 0.1736372 0.5016616 0.16433045576008246 0.051381622507962486
0 0.7047334 0.5683147 0.18400935768557972 0.059027781696631025
0 0.06567442 0.46896595 0.09051293485929846 0.0288348253023452
0 0.8352105 0.76450694 0.1844128726644284 0.06372852113116273
0 0.6459988 0.81933385 0.18901842543235456 0.0652790430313693
0 0.6567782 0.035997763 0.1804290033456601 0.05611718967057271
0 0.51938933 0.22713518 0.19038150330663928 0.10692750988996211
0 0.96922266 0.6857658 0.05167764734410096 0.06936291252897923
0 0.2100494 0.53368884 0.1453849398743433 0.03982972274381168
0 0.119487435 0.8792112 0.12487922724545154 0.029149821239176355
0 0.41324693 0.016283978 0.15131926739368917 0.03329164691867261
0 0.073197626 0.9060503 0.10053321726146766 0.03130034312177079
0 0.59881973 0.9751808 0.1985450800137518 0.04927374423175847
0 0.11273697 0.5565358 0.18096993546048287 0.03780961725959637
0 0.06466531 0.9486202 0.10841156998595405 0.03669912004537767
0 0.11669087 0.51911217 0.16068383784827994 0.037512719677329005
