0 0.5876923 0.3820638 0.14355905771344246 0.05141700955745106
0 0.8053655 0.6204204 0.13634221719549144 0.037296595062425324
0 0.6484848 0.59512955 0.17283441063405838 0.05140617582993684
0 0.7234379 0.4720591 0.16181607430156333 0.05410387081147127
0 0.45280397 0.078886926 0.1976184542719746 0.06349776437687489
0 0.89759505 0.38223872 0.12982426668529645 0.049543312510975865
0 0.23711376 0.36631957 0.1948957097454737 0.06410370788884368
0 0.90589756 0.5759895 0.12720942242528396 0.03447769715356625
0 0.42033276 0.1737555 0.15368012822195312 0.058012837881138105
0 0.09722242 0.9035348 0.18408596476965625 0.07325178108670283
0 0.8932067 0.54261875 0.11908002417468042 0.032198479881424914
0 0.80567586 0.41314137 0.13317019072921019 0.04755534414872689
0 0.69875795 0.50622237 0.1435291834835102 0.04706168025570471
0 0.30078843 0.15710625 0.2140875058573673 0.07201852286276442
0 0.51706904 0.6332599 0.24647268061638158 0.07658481183556182
0 0.88204694 0.14311779 0.11654870584330716 0.031121603109379583
0 0.27292758 0.88389975 0.2034105214829054 0.07364864158193463
0 0.05888132 0.43932843 0.13192864927378967 0.0465667351345941
0 0.80739486 0.94198614 0.11998512892304743 0.04628797074099541
0 0.9298344 0.50666624 0.10385414228058829 0.046558228765606086
0 0.29852396 0.4221603 0.19765775668821012 0.06307728471550078
0 0.59465456 0.68758863 0.24485830622251786 0.06400278434593937
0 0.43605325 0.7829077 0.20120973357752703 0.10677608237008168
0 0.8990934 0.27431762 0.13243019985669166 0.03959814676970344
0 0.68689525 0.07359409 0.25603165446860254 0.06390899398747675
0 0.6782848 0.021424066 0.1237439243263431 0.04036377105409412
0 0.9433934 0.29084766 0.08957745263937392 0.029246899661469452
0 0.89118534 0.9669763 0.11628933852590094 0.04772668828235359
0 0.93438834 0.33772373 0.0764390499791549 0.027982539598396926
0 0.95833635 0.79602283 0.0645364560453627 0.03613319051768415
0 0.43911275 0.7555637 0.16340641410029574 0.04753233129258954
0 0.70222455 0.06458874 0.15821292909095233 0.042155518128477905
0 0.8812624 0.10121289 0.093287109740897 0.04521216392172501
