0 0.31709448 0.39202908 0.1449342446880989 0.06726250914311951
0 0.15869817 0.9451099 0.15068015712364644 0.04146886322013903
0 0.12960903 0.26824978 0.1734359471330277 0.044593346860242807
0 0.3668694 0.62437177 0.18178552160439598 0.05553680688293144
0 0.38216773 0.06367917 0.22175988713351372 0.06146736221675973
0 0.7624226 0.46595976 0.19724955499232816 0.05472650848361553
0 0.8429447 0.35111982 0.23579025656540142 0.07336728266227431
0 0.7616616 0.94888264 0.21558273238026204 0.0598146283096926
0 0.52579355 0.43251356 0.18761295855562435 0.05227577196792493
0 0.91574156 0.62550867 0.139071541125363 0.08367194102593736
0 0.12362668 0.5560248 0.15555182519784022 0.05686840256635481
0 0.42749932 0.14777043 0.1902063960220267 0.0607990424314835
0 0.18200123 0.51002514 0.1689224273431766 0.03889000964835857
0 0.10381614 0.57935584 0.16646803750650427 0.03491608556037191
0 0.5825099 0.78536916 0.23455474737755266 0.101981630590717
0 0.059129413 0.8636282 0.16313641727553485 0.07160783537230439
0 0.49448988 0.5035157 0.28842073074384 0.06130503575580148
0 0.14112794 0.09286354 0.23867301597954105 0.06508593780998896
0 0.077463426 0.62527853 0.13440758761978075 0.038067154324081094
0 0.50315297 0.69351274 0.18573482787417506 0.05259875097878911
0 0.22851913 0.6178521 0.14313092327720775 0.04490605464523029
0 0.037949547 0.47605562 0.060377794702784475 0.04823112684904721
0 0.58647466 0.6921021 0.32644662662858687 0.09135092474159094
0 0.9679104 0.07588957 0.061514764335732476 0.08106589094455599
0 0.052728247 0.40637144 0.0945587599689199 0.04314234058203536
0 0.061607253 0.3318096 0.10728180328952086 0.059861095180460254
