0 0.63181347 0.34378797 0.19308431736747292 0.0573747484071883
0 0.2604297 0.3555812 0.1910434498030083 0.060611637086904195
0 0.7759871 0.9655502 0.14213954622488456 0.0459602927039248
0 0.7695918 0.8794986 0.18167065875904703 0.05868335568044244
0 0.84303623 0.21076104 0.16143365522574685 0.04334913833303247
0 0.49350536 0.6233774 0.22492115815795005 0.06562365734577211
0 0.9466845 0.27360663 0.17199953838370627 0.04990829619735249
0 0.93376446 0.6568949 0.13152983040904384 0.03298101105367021
0 0.67335737 0.4551878 0.17475699911361525 0.05444544035556253
0 0.16094841 0.45978233 0.25649247690439764 0.0840488064791869
0 0.8866965 0.46906564 0.13920799718120494 0.03420483676979864
0 0.5888585 0.5152738 0.1805490101910009 0.0548572610270469
0 0.10947264 0.5899872 0.14814404691074454 0.059887637058210666
0 0.3933887 0.8043568 0.18621003349454127 0.06061849257445529
0 0.88575476 0.3505564 0.13432721909111753 0.051857698207274705
0 0.9256616 0.40394855 0.07903785597450806 0.04280496568354911
0 0.46848974 0.05842236 0.2134978651251006 0.06935961100612238
0 0.36463982 0.7558892 0.1879542019490416 0.052928933940941086
0 0.9205833 0.5007415 0.1542729469432046 0.04089837601620931
0 0.047996685 0.7415654 0.11684781383500842 0.0833462942959557
0 0.9521421 0.63696605 0.1260307932570985 0.037930124035404675
0 0.95543456 0.56647384 0.07085777727549096 0.03710149945828562
