0 0.5041009 0.7692541 0.031620138457605064 0.16668062209898696
0 0.56697416 0.35952532 0.030291463938217366 0.15585210297588242
0 0.5051068 0.60603786 0.03654623195120885 0.16602569456166985
0 0.6704532 0.51462436 0.031605275497561994 0.16194599208751034
0 0.4854037 0.27974528 0.02526417414832516 0.1405944900279897
0 0.28618595 0.71443343 0.03696362694250891 0.15618451183342233
0 0.9660586 0.21784173 0.033984240800351825 0.14299286434102287
0 0.8255811 0.24315697 0.03085363087130961 0.14809963743976737
0 0.5529945 0.5103146 0.03193929155427216 0.1651667155469055
0 0.36787015 0.17265527 0.02725527543977011 0.14090507595797544
0 0.29801607 0.9201358 0.050577420273177416 0.16369876932345503
0 0.38197875 0.65080696 0.04223179992266539 0.2102934852636887
0 0.6218993 0.49779153 0.0315609321491491 0.15650259195532715
0 0.7335247 0.082544684 0.03641167321305278 0.15932752285505414
0 0.18640622 0.6020138 0.03465250824467067 0.18173138265097477
0 0.1235332 0.1111429 0.03634535428258364 0.1369405248246345
0 0.0492396 0.21844 0.03521246484548386 0.15437638251097868
0 0.6226259 0.17639954 0.03901094930396704 0.13611304140647473
0 0.25348654 0.08287403 0.028398493218327988 0.1242746082566117
0 0.97324246 0.6449743 0.04575409825788738 0.20522807946423452
0 0.02085513 0.74375397 0.03539051755517207 0.15969261673119717
0 0.38634467 0.105852686 0.030257954684248526 0.13491271361465837
0 0.92675006 0.36462736 0.050223775614217946 0.18422017634663432
0 0.25034553 0.6135754 0.03423298642524685 0.1514277619633281
0 0.2128395 0.6531842 0.027842078367625502 0.15721757810228656
0 0.4378174 0.076862 0.0302563832526244 0.12950618510849643
0 0.9419819 0.23331884 0.022846521652179163 0.13342835746881462
0 0.45909306 0.07415125 0.026463239565562922 0.13026383206018435
0 0.53126687 0.05565906 0.027976488315332098 0.09511471654109167
0 0.64707106 0.04432945 0.022251700663505236 0.08382529276271247
0 0.50074655 0.05282629 0.03286087506778111 0.10142062133510772
0 0.116489016 0.98071206 0.04807135481752825 0.04153897513148103
