0 0.49521145 0.32756588 0.026858156661170137 0.12557262143781522
0 0.52948534 0.2567139 0.04031461841295433 0.1536471600953775
0 0.84005356 0.71558714 0.05539735165261138 0.171624844841002
0 0.38029632 0.17514698 0.024429116877404844 0.12954825789116894
0 0.4050785 0.32578626 0.025318941515250118 0.13465169249230252
0 0.12020168 0.6687259 0.06188923219397431 0.18667374032689624
0 0.5782112 0.6782147 0.04386254831942313 0.18260982060363057
0 0.560813 0.92187977 0.043931444343402966 0.15673500462229184
0 0.91924083 0.52945626 0.04161486398827703 0.1726336268301954
0 0.6363267 0.77342397 0.043896311419568255 0.17429502058445576
0 0.5895146 0.16869304 0.027943764766088907 0.10539935634844103
0 0.37387064 0.4727941 0.034881572065460054 0.1692527198919479
0 0.7289123 0.09798383 0.03931271896894405 0.14240205743132556
0 0.6203919 0.38563603 0.04353906634108636 0.13951392903061602
0 0.05879962 0.18060154 0.032951202077973925 0.1278003716937608
0 0.8287412 0.5715763 0.04834558293813128 0.15708281468009835
0 0.313247 0.32034528 0.036612090139978036 0.11967920104687943
0 0.4813188 0.06992963 0.02338968294120545 0.10578529778542528
0 0.18813966 0.52579355 0.03147809885844114 0.15845463274427107
0 0.62304157 0.096038446 0.047510070979709725 0.1447546996147346
0 0.87779367 0.06443216 0.026893008607870562 0.07808887748444092
0 0.92521644 0.22420011 0.04471077266594531 0.14090335009063995
0 0.25004855 0.5368042 0.038741373732868935 0.1498135603583867
0 0.9328596 0.29224676 0.04936975619280051 0.15366167870409167
0 0.858495 0.091581985 0.019151468826332348 0.10003064182275352
0 0.09346931 0.89960027 0.06250768178691493 0.17622937308985354
0 0.89911544 0.11183284 0.04049865439537385 0.11495635305779038
0 0.030235978 0.12162463 0.037127518609707234 0.1201915977667265
0 0.4293385 0.11854479 0.038666451878896 0.14640025654078162
0 0.45840853 0.112212636 0.028681748697596474 0.11972494538156746
0 0.31938457 0.42339128 0.049209802670569555 0.1550084104802646
0 0.50498414 0.057718318 0.026457370534690685 0.1163434796211196
0 0.21850911 0.5480069 0.029291316253453756 0.15283748941279357
0 0.20527391 0.04097741 0.030644033892209092 0.06721654150400333
0 0.98134005 0.29159278 0.038318970782105104 0.1501359487284032
0 0.662056 0.068091825 0.025064653312460855 0.07924323329449309
0 0.9546543 0.023375215 0.024827437350456186 0.04357765487362602
0 0.1374839 0.028394915 0.02812371814288658 0.051398763008924715
0 0.24554053 0.032823592 0.024810605165384074 0.05469843228785589
0 0.6820002 0.046633188 0.015617735313619945 0.08226739272095453
0 0.7080732 0.06074958 0.034443141089397444 0.10891938029881731
0 0.7115831 0.028027713 0.03398093540089677 0.05516466565337992
