0 0.57341695 0.5453649 0.035598693615618654 0.17357330174802502
0 0.86000496 0.39901957 0.040546957648364725 0.18082135126836996
0 0.5421083 0.75747013 0.03072503190977492 0.155220756762055
0 0.4887849 0.5420608 0.0315188440939499 0.17279032794037746
0 0.3028 0.670458 0.0373552318966049 0.17473972459948675
0 0.05224124 0.78962606 0.039888582065727284 0.20934004480031537
0 0.30403656 0.5272605 0.04013695795368169 0.15729792559710795
0 0.6520171 0.88034225 0.041858773718747536 0.2077780915325059
0 0.37380087 0.33548918 0.02867554902193935 0.1616211030863792
0 0.37528607 0.06477544 0.02357353176173001 0.1283443349648575
0 0.05268219 0.20012362 0.031401723345850514 0.1470665996104729
0 0.5950678 0.32582793 0.02965922681329608 0.14767118965867435
0 0.73017526 0.101232305 0.03134853581429524 0.1582166023340895
0 0.4890762 0.16722047 0.03014576798474564 0.1519850539741407
0 0.5210771 0.4353368 0.03179064334028507 0.15997041779590698
0 0.9095986 0.23917444 0.04331585342828408 0.17063422434633704
0 0.6231033 0.30666944 0.03769232515604546 0.1493571835698031
0 0.38060477 0.9452864 0.041583391008441835 0.13067858549923048
0 0.9402121 0.42053017 0.03510066527766695 0.17860143988463745
0 0.9174914 0.13017038 0.024079208893886515 0.09032359751221111
0 0.45735472 0.10409185 0.029576844944304893 0.14697680266917051
0 0.42748734 0.122995526 0.03161285937536062 0.1545178852192477
0 0.38540423 0.25185648 0.02648427044061743 0.14228350501873782
0 0.18624209 0.6214691 0.03742622654188538 0.19385416986949067
0 0.59773636 0.042621348 0.04479432077333107 0.09195311170511353
0 0.24921274 0.624195 0.03152176877369906 0.14734202656702622
0 0.9209393 0.97205734 0.059900579152615915 0.057400412253714186
0 0.21285655 0.6634242 0.027986535613511665 0.16260821758358343
0 0.1342076 0.11088014 0.03960483288769367 0.17789078041029438
0 0.9850937 0.5760442 0.03387044622953496 0.19662802218643569
0 0.6808582 0.04827629 0.028316307383191606 0.11918513247496308
0 0.5323421 0.035033878 0.024964984719210905 0.06447479371187971
0 0.653984 0.045914177 0.033135440821395176 0.08475859650510147
0 0.9453882 0.018305926 0.02278497870367921 0.03458824170229002
0 0.9869655 0.30940947 0.029152728167548176 0.15849455447159025
0 0.8957421 0.16258454 0.026376056665442175 0.11818529389680613
