0 0.58949775 0.47703123 0.033067873915531065 0.14877493002491135
0 0.49750832 0.61551917 0.039607401681789625 0.16747880656500608
0 0.6013478 0.20124437 0.0391414132597268 0.15931682188528606
0 0.22913897 0.87997985 0.06380294388925227 0.17759345862291323
0 0.49633896 0.19290131 0.030055797934273095 0.12780095681745754
0 0.17424932 0.71635246 0.05037685458578684 0.2061660489160705
0 0.9086828 0.26799533 0.04793191721216294 0.14368132468538478
0 0.53043985 0.07118977 0.02592615410020282 0.11225129914967462
0 0.9684748 0.18944916 0.03814109616954403 0.13126386667598883
0 0.96852934 0.6944277 0.03889335137791429 0.1643246787423336
0 0.2653611 0.08785473 0.04340169610192942 0.1595642676953511
0 0.08781456 0.04622718 0.038476706217761114 0.1227470944486318
0 0.8134377 0.489205 0.04157241854488023 0.1796038845779939
0 0.14541636 0.0922348 0.029480111930114995 0.11885822035862485
0 0.32393497 0.104224384 0.024218785082834066 0.12165408142749784
0 0.43306544 0.67936885 0.052176552623970814 0.19062001356931718
0 0.050581206 0.060986713 0.03367262618786629 0.12551774769406457
0 0.7838118 0.51180774 0.03175652441973712 0.13802811373549642
0 0.12157338 0.09203864 0.02669542755216892 0.11630853493008325
0 0.03267677 0.15157448 0.052764852875327214 0.20583287179732887
0 0.4435055 0.14990564 0.02428672547808722 0.09608862669624921
0 0.35614407 0.034998577 0.030160748460137648 0.06965562671306796
0 0.01902133 0.6550388 0.055980711655824036 0.2007468966973597
0 0.46430293 0.19047795 0.029091211395871005 0.11525849177641925
0 0.75023603 0.49175516 0.03771386585844686 0.1337359875871126
0 0.44429883 0.055127107 0.03118338560188002 0.09917685041377626
0 0.23570476 0.981094 0.05175815521933297 0.04694480358625848
0 0.9869636 0.38584667 0.024194418177950303 0.1312944495677716
0 0.47460565 0.08197687 0.03138591862119137 0.08381243690777572
0 0.6584773 0.021811964 0.02116337365680586 0.03701303490422444
0 0.3128294 0.97285855 0.05710402349717086 0.05452080692182852
0 0.39038208 0.027124416 0.022441307660855746 0.05832407901799903
0 0.49751705 0.047382098 0.021859192648107855 0.0843144406596264
0 0.49969307 0.03381927 0.02293335890782532 0.05772670999031355
0 0.25925004 0.0236702 0.024443528501366406 0.04289108580401486
