0 0.40560305 0.59996045 0.033844849538573064 0.1522389577994526
0 0.8095096 0.88959455 0.05072894122425172 0.21831239079543907
0 0.5018821 0.50836813 0.027995483055999686 0.15209774147652197
0 0.5646835 0.1154983 0.03503803586351623 0.13015171469214862
0 0.3876973 0.27214512 0.03110896642706567 0.1513731321613875
0 0.10644192 0.23357284 0.04985328271652077 0.15056594608871962
0 0.6663883 0.16796443 0.02635845295261211 0.12312460453919584
0 0.035386134 0.176741 0.036291626453109675 0.13058096296152016
0 0.5017025 0.1534005 0.029864670335148596 0.1265032203615671
0 0.7319143 0.0851175 0.03308612244421311 0.135013983015877
0 0.9144723 0.13670872 0.049408212574508635 0.14648390765969904
0 0.5450791 0.9384914 0.0532021278132745 0.1347383105087343
0 0.54978335 0.19202492 0.021037841697628536 0.11142066275397751
0 0.97964865 0.10329271 0.03888861756229585 0.13086452313331517
0 0.25226805 0.49766102 0.029129925425081634 0.13703643911303465
0 0.6370328 0.80607885 0.03643060551844047 0.16268140000439957
0 0.21362987 0.5104439 0.03215871317116773 0.15779773861373778
0 0.18510842 0.50107557 0.03590468357765585 0.16962727981454911
0 0.94745225 0.12761521 0.03632440804632331 0.16794617160904993
0 0.6791793 0.8415682 0.03329474028767114 0.1609378214580186
0 0.42237172 0.069224626 0.02435580471007657 0.10181625533444637
0 0.95105654 0.5112578 0.056875821742778644 0.09463044585840485
0 0.6750567 0.041992445 0.0324992475635514 0.07461695541373464
0 0.76086545 0.06485233 0.034135811445958085 0.10311374391433979
0 0.64362633 0.0487684 0.026473158580662605 0.08114416281386382
0 0.6116083 0.037177484 0.022948838054403974 0.07065118856073074
0 0.53160346 0.13813265 0.022229571473284044 0.0918237955968659
0 0.50858575 0.04125 0.03345170002484626 0.08503100937728668
0 0.58868605 0.053418167 0.020498726784967652 0.07343495145632323
0 0.9904458 0.2804787 0.021337279898774084 0.13198685623925216
