0 0.50246626 0.621903 0.030331586442536113 0.1542502557634095
0 0.41361606 0.49543604 0.030958095842788975 0.150756900181191
0 0.3962463 0.1991306 0.03201305852344295 0.14590655070967268
0 0.7712538 0.86801714 0.06365593144283756 0.16957731988762398
0 0.09016586 0.26554725 0.04447268041568991 0.14304590019891827
0 0.73421085 0.0737472 0.027047341855059442 0.12461352399735369
0 0.026244523 0.18027093 0.04243460333372434 0.13349807617564943
0 0.50381815 0.19194005 0.030551746341382045 0.13125109306103486
0 0.6741243 0.10104928 0.027692765212201584 0.11297521856334572
0 0.46911743 0.056963418 0.020083955853191247 0.09165599594867897
0 0.03162468 0.6729586 0.040562925517839576 0.16700031225824824
0 0.8280868 0.6852116 0.04806441604913749 0.19047911123527045
0 0.5523842 0.048064005 0.03219329752860766 0.10381800091580858
0 0.18769498 0.49247748 0.03166930801651338 0.15796799676897574
0 0.9117595 0.059375588 0.040295353738063915 0.13056690900096776
0 0.96847224 0.12647602 0.04253301703015645 0.1824759480205516
0 0.85488653 0.079725556 0.03683968463657752 0.11877075811338761
0 0.56815535 0.69207686 0.03316169049212755 0.1661092252011883
0 0.6100632 0.03995881 0.02671238178080529 0.0721988699508843
0 0.9476156 0.060204472 0.03760073911640262 0.11505821368919811
0 0.21493925 0.5088479 0.030976988914050582 0.15130224939443657
0 0.5571327 0.14106998 0.02588834667197316 0.09056660790022501
0 0.8754902 0.101791985 0.027392692640454578 0.12656600938513976
0 0.25069225 0.51594365 0.02681404641990039 0.1308498943242328
0 0.5356013 0.18240933 0.02796967244109979 0.12580244322813625
0 0.64162076 0.04231833 0.025050214104241686 0.0695165277732334
0 0.0122312615 0.37062138 0.02721731479422799 0.1319348883808687
0 0.9743945 0.6496749 0.04781724040120071 0.20075060191740385
0 0.7632247 0.9775168 0.055288635180971185 0.04608935474618334
0 0.9716589 0.15778053 0.02560436667433122 0.09801807367705587
0 0.67973286 0.9725902 0.05097861975881 0.05137094318900382
0 0.5226765 0.08622207 0.030566930176333513 0.10631494249799879
0 0.3386507 0.01932604 0.027002089639350142 0.04085812905585325
0 0.5875537 0.05076864 0.024566813837851264 0.08039690910806854
0 0.7418048 0.020645782 0.023301105942492385 0.03783738097039957
0 0.5005828 0.05535507 0.02282105067979372 0.0920456114893456
