0 0.40439087 0.6000548 0.0297001110528694 0.1470191178099533
0 0.80842596 0.877942 0.048385772937772735 0.21158283076098153
0 0.5014953 0.5007288 0.035371693508612786 0.1611464029520648
0 0.38913044 0.25252765 0.033504458757817455 0.15184627937891387
0 0.56345934 0.11545177 0.029588565647518304 0.1266926265595288
0 0.6649777 0.1598676 0.02742044837566877 0.12207711377264022
0 0.9138008 0.13154915 0.05250423105509975 0.14692924176823835
0 0.7301006 0.07860218 0.033610430179233396 0.13319832659034528
0 0.104829095 0.23472627 0.05040538222996196 0.1560844849411264
0 0.0319631 0.17229857 0.03997396887195592 0.1313903589058614
0 0.5400001 0.9428272 0.05504902077256869 0.13635511448846316
0 0.5001107 0.15186551 0.032837032511829026 0.13593781448057948
0 0.4226926 0.062581345 0.02499195495891342 0.10697994167845323
0 0.2504366 0.50137526 0.029661500878723962 0.13435878900288947
0 0.54909396 0.19199203 0.027484420629719453 0.11706889895871064
0 0.18576923 0.5152441 0.04140818768027857 0.17036748207908203
0 0.6340905 0.81503606 0.03439313238092904 0.16028653242626828
0 0.75877047 0.060935598 0.030469083378506994 0.10441465361284388
0 0.6086293 0.038454864 0.02729156601927597 0.07314426165978802
0 0.97764635 0.1011933 0.03654724427863371 0.12853987700339836
0 0.94723296 0.5637059 0.05915200265466806 0.1867063066735914
0 0.67761254 0.82907695 0.03588015668121982 0.15738308358312014
0 0.9443719 0.11680406 0.03493075923738531 0.14885741352011148
0 0.21390462 0.52388066 0.029900260156674668 0.16046155251488634
0 0.674693 0.03987295 0.03285662105718836 0.07046604830878327
0 0.53173155 0.12516952 0.02436223535282758 0.11665200142870027
0 0.64135826 0.041577168 0.02992011305293978 0.07551689445471074
0 0.50502586 0.041868135 0.03446224378211943 0.09070692875706125
0 0.37230623 0.022678876 0.028090925181135262 0.04552716482991266
0 0.5881418 0.044058222 0.023897954595671567 0.0749173191619857
0 0.9891643 0.2963665 0.024213190950609507 0.13247995833011247
0 0.0064429766 0.30814272 0.017598153121685497 0.14947193565175734
0 0.0062973686 0.6223632 0.01610681776841685 0.13636560059486752
0 0.98288745 0.17549267 0.031879616743401125 0.1552463934368403
