0 0.49114037 0.5225384 0.03215577753360883 0.13375303953958761
0 0.38221306 0.6642162 0.046424735911136196 0.18272516165227248
0 0.56845784 0.38834277 0.02932071744754092 0.1477366151016895
0 0.8347174 0.29466358 0.030155677331647313 0.1521862788678873
0 0.4906464 0.17842077 0.027464947129017033 0.11672417002116443
0 0.45429814 0.080102734 0.02766665486363479 0.13048389218736134
0 0.124662966 0.06507561 0.03347269674939577 0.11660909199143951
0 0.29329658 0.6402222 0.05667303179351946 0.17429957048792544
0 0.50347453 0.4185486 0.035362835242707606 0.13525674880749464
0 0.29206127 0.52523816 0.04060903981803085 0.15139478016546676
0 0.6662802 0.5867777 0.03450831904425697 0.1633135050196555
0 0.95146185 0.43274358 0.040433323864358835 0.1670637515335119
0 0.049046915 0.16313675 0.03297583394783487 0.13035420791247665
0 0.6106555 0.32831675 0.02934750848846143 0.11342465359693428
0 0.08773971 0.78044444 0.058444515904086954 0.20247122901317746
0 0.36478904 0.20411444 0.035554432918303604 0.140974899760464
0 0.73068863 0.062324293 0.028697600606941785 0.12253106108048774
0 0.61663043 0.2020033 0.03824516920407969 0.12034560327414158
0 0.38099766 0.16430841 0.023620707868038358 0.12410145724358629
0 0.54865295 0.547995 0.024985170892002796 0.13257007458325265
0 0.94207656 0.14806718 0.02467951270529026 0.10937442359139025
0 0.9156836 0.21921556 0.049865132794557454 0.16750996174815969
0 0.19623719 0.08046324 0.03589054700694125 0.11487422828650935
0 0.18658614 0.522961 0.036155374448787615 0.1731801794351181
0 0.4309828 0.07400514 0.02499560773820001 0.13016480182532858
0 0.37815502 0.030323585 0.031200114389544648 0.07297012280436471
0 0.21706663 0.5398589 0.03269656349785416 0.16734470750669744
0 0.25036353 0.5131347 0.027198178834131514 0.12603328617672252
0 0.9191581 0.15052763 0.02867584026531405 0.10846501964327253
0 0.66292864 0.04123351 0.028955364445730918 0.0778160120560166
0 0.49867597 0.020509612 0.029570850325121797 0.04701670048733203
0 0.58731633 0.022287358 0.029154638375467407 0.03669718468925823
0 0.520543 0.022935754 0.019608503575151908 0.03733064981913275
