0 0.5025665 0.28583965 0.030567999348583903 0.13695068324020726
0 0.6342851 0.7921638 0.03619802779469954 0.19886559406202858
0 0.6167963 0.31606534 0.029415025355723868 0.15457490353675057
0 0.38681474 0.61551756 0.04569786820895711 0.16475873148483358
0 0.590183 0.55820864 0.027443977189648004 0.15249534593355346
0 0.4201311 0.12315618 0.029391305811673003 0.11887487608605432
0 0.853479 0.58317864 0.04474593425535046 0.19402742304874865
0 0.21226923 0.6325192 0.05700712099262497 0.20999887057651817
0 0.93877274 0.22532585 0.03651818164964434 0.14158925360517985
0 0.23982447 0.8844422 0.03590948286007441 0.19130165262054175
0 0.6900264 0.29397473 0.02856083181276111 0.10573509015610144
0 0.3631314 0.20443295 0.029729240928785605 0.16328039319638998
0 0.47278297 0.17454629 0.03172309551085468 0.14136373351398998
0 0.049071625 0.25027412 0.04355570617821988 0.16088659232565367
0 0.14580001 0.10905214 0.026332537066972424 0.13941537521171757
0 0.6105452 0.050596286 0.0393133816720604 0.10835412076643042
0 0.22608839 0.45422703 0.03310704771766417 0.16758610275225988
0 0.7467959 0.63993436 0.02499299702371495 0.1428812081282418
0 0.87234104 0.103658095 0.03731919996119399 0.14111640898141567
0 0.5465773 0.13457274 0.025697626399182685 0.13449055893782683
0 0.57405823 0.17070794 0.03241787019011116 0.14766277972496372
0 0.6881601 0.38469645 0.03428883350989296 0.1400812519095032
0 0.52107537 0.1609768 0.023427626581651574 0.14552425465065744
0 0.95501786 0.9409847 0.05489040463713069 0.11136311004616029
0 0.081985325 0.14788198 0.03942515978212397 0.12756017490763977
0 0.3121283 0.056625456 0.023574825265843632 0.09478003541246251
0 0.11041899 0.08689461 0.03469621148474201 0.15085763590294068
0 0.101764254 0.24612656 0.04225032272084779 0.1490376790121512
0 0.37999308 0.20991276 0.02999365573020987 0.1570931865547558
0 0.78595555 0.64065003 0.03233862542548419 0.17702284549572764
0 0.8106576 0.59864587 0.032243730589553245 0.16256261974940442
0 0.26552218 0.1066844 0.03701419668080085 0.18881195348024302
0 0.79758364 0.09350613 0.021515783410768426 0.11280267224152092
0 0.16519329 0.05454924 0.025929323876751544 0.12181561408625632
0 0.51780933 0.055142645 0.02529342124453803 0.08084765159796273
0 0.090351455 0.23428172 0.05252774708491249 0.24380930294750622
0 0.04306381 0.04313505 0.018483411602810515 0.06264800269048916
0 0.014934042 0.8571779 0.03317087652260576 0.15935756141903182
0 0.90650076 0.026813682 0.015433985067322362 0.047190418375970135
