0 0.57272726 0.73558474 0.03883629277236258 0.18360467161739166
0 0.4943191 0.4232197 0.02885123283600358 0.15020603709605868
0 0.10686084 0.8753153 0.0513754555040455 0.1795574523856649
0 0.53401107 0.3183558 0.03210087621454553 0.15588199425046131
0 0.38002512 0.16555646 0.026070597990349605 0.1535024978830742
0 0.37620488 0.46574414 0.029688435442742078 0.16565481940856006
0 0.3149761 0.42119595 0.03683734116193046 0.1361177606639127
0 0.5907402 0.22552592 0.02982680426443387 0.12827308540648721
0 0.7311075 0.10777099 0.033959037827560885 0.16628017190327402
0 0.93473065 0.31364027 0.03887525706644014 0.17676520449127583
0 0.43240392 0.109840974 0.036769651071901374 0.15016883970213543
0 0.863981 0.93389136 0.04915797157925875 0.1313205185660349
0 0.8557865 0.7696023 0.051922943735583524 0.19706491131641543
0 0.6265835 0.41014022 0.03943619972831505 0.16306363792548254
0 0.90064 0.5422975 0.038775784886592994 0.18252338532019494
0 0.31831017 0.5467577 0.05118532478010902 0.17589470167510823
0 0.40208787 0.32398653 0.03301645096991723 0.15485426755235898
0 0.06002618 0.19232377 0.045428285285338814 0.15812896956046998
0 0.905241 0.17968313 0.03202355036361441 0.15322735732010673
0 0.18731293 0.6173572 0.038753589777349086 0.19741915527501497
0 0.6028456 0.95123607 0.050690585739058436 0.15160506553330083
0 0.6215472 0.08100859 0.04509879541851018 0.15450211197968713
0 0.48194477 0.11650033 0.023366481825313954 0.13898138469375804
0 0.51106673 0.05858276 0.03412882673413623 0.10908086195240446
0 0.9527196 0.40252736 0.042153808353230224 0.16528749042584387
0 0.25044838 0.6046358 0.039366556661148105 0.16643284009236564
0 0.5431503 0.9595935 0.03593802150686647 0.10530725729645765
0 0.060240626 0.10717251 0.029406378928364 0.09471137114859128
0 0.4608522 0.15318553 0.02297666274353679 0.14494680263626727
0 0.1361217 0.04033637 0.031870864458728776 0.07726455711136669
0 0.21589828 0.64981544 0.03839033000133804 0.17235926198100504
0 0.86940575 0.12760392 0.021395828458859536 0.12822704184771835
0 0.8898231 0.13997635 0.03376151413542126 0.16852134378518357
0 0.98787576 0.24696766 0.02778053542398825 0.146750329098031
0 0.66285634 0.08509892 0.022034401039119952 0.09297431059842715
0 0.9512974 0.024044696 0.031952017434781786 0.04618739473709325
0 0.9858543 0.3838935 0.027624000467393814 0.1533314805696867
0 0.014138804 0.63183236 0.030459669198037356 0.1810705688850146
