0 0.25488093 0.61554813 0.1726726023488433 0.056856196928147244
0 0.56858003 0.5967368 0.17928539321523318 0.0570538800896279
0 0.19905658 0.88585603 0.12711147202808318 0.045651239124744704
0 0.14174776 0.33478224 0.13263124729229847 0.04199911578173571
0 0.11517172 0.08687529 0.14754554817277724 0.056461977862442954
0 0.5072028 0.4989317 0.21022692669539442 0.06516563481125705
0 0.14150873 0.9640378 0.1178788046136194 0.03895675251826235
0 0.8416504 0.19603992 0.21127111359565498 0.06257841078245761
0 0.9280162 0.44885752 0.16038545215917965 0.07946531933206788
0 0.12129341 0.27266005 0.12766914483896555 0.03344970330751974
0 0.062485225 0.5772015 0.10809566001326583 0.03210254595201768
0 0.81438136 0.34218222 0.17997293990090213 0.08230246077972608
0 0.08077453 0.435061 0.11249963663995163 0.032858626848561896
0 0.5017855 0.79206586 0.17809977032753146 0.11563958286456988
0 0.17746824 0.49890065 0.1771207131856411 0.04640936008974425
0 0.18573241 0.4544297 0.14186658682550302 0.04047709407397458
0 0.52738774 0.049880356 0.22704204817659004 0.06986829262725147
0 0.084214464 0.022955963 0.11693394101162485 0.038174388008035715
0 0.030740818 0.32637718 0.064613625035791 0.04066331358141845
0 0.46700102 0.75421876 0.16127960332734642 0.049692800906060555
0 0.31954777 0.011884968 0.12309507514897325 0.025301392222437623
0 0.09528198 0.054504756 0.11703213137243494 0.036793543269203616
0 0.047645833 0.2382144 0.08357152573647807 0.03756409105757404
