0 0.56879824 0.22713344 0.029468911746965518 0.1421486967618063
0 0.40880015 0.9543229 0.04772447169320194 0.18474563829739302
0 0.48936734 0.45521423 0.028087458886644563 0.16186727185161653
0 0.38044813 0.42017412 0.04107171256788853 0.18934544720014462
0 0.119090386 0.21309188 0.039213978136090254 0.16394385456361632
0 0.644252 0.7204965 0.03681238169532354 0.15743769244689015
0 0.65855587 0.29512417 0.02677067096982336 0.14376382076456584
0 0.5415939 0.8789698 0.049250163393471304 0.21755359492888865
0 0.65534586 0.080149606 0.030563109991953503 0.12896227246132377
0 0.0298732 0.21948548 0.042419900737414126 0.15902166946348098
0 0.73058033 0.09092986 0.030246606757957598 0.15741175425751017
0 0.78968143 0.1380148 0.02882238866936691 0.14850900771304895
0 0.5478059 0.3284575 0.026516195793478768 0.13863005942360132
0 0.500584 0.09008139 0.029774705311027206 0.13815860708533984
0 0.52937734 0.0983923 0.02329908863770113 0.11421212871901176
0 0.24371576 0.60533184 0.030077633996890656 0.1724684321506933
0 0.34098586 0.08141994 0.038525573772049404 0.14360932374227633
0 0.36829448 0.06863609 0.02506703900917624 0.12717636024671788
0 0.45663005 0.037005648 0.026369548042862935 0.0699300035401104
0 0.18482354 0.6058828 0.02718797991461797 0.15885431003457148
0 0.26103818 0.962903 0.053961096925260015 0.11601786846048681
0 0.94329226 0.5194633 0.05540024939224016 0.221979899001216
0 0.43213528 0.042541694 0.02359364155218738 0.07487254865506653
0 0.9614539 0.29524606 0.03091598791564797 0.14003044660031388
0 0.38973868 0.04264188 0.02408245447935455 0.08085876745405599
0 0.21208853 0.6213596 0.030677416521639047 0.16881439202617401
0 0.6429035 0.014579093 0.028986015946551133 0.03289440383729473
0 0.10285837 0.96858007 0.0771411052885013 0.06298167041881508
0 0.9420357 0.024003342 0.039141741307967076 0.04813797381363791
0 0.9819118 0.22304381 0.04105377222623031 0.2983537298414859
0 0.60780174 0.020299856 0.024117383683444616 0.03697706388603953
