0 0.77715194 0.3823402 0.1244288452803029 0.04570014960710348
0 0.91327345 0.5563565 0.12329684049994272 0.05879335299682686
0 0.7733119 0.6261215 0.14849843314307876 0.05200942694424722
0 0.7865858 0.507585 0.14299227914151155 0.04746506325993169
0 0.909215 0.8036192 0.11741801024680495 0.04075441558961543
0 0.8324918 0.9507947 0.12313439218238742 0.04095646491129566
0 0.9086001 0.26975867 0.1537700118892334 0.047402551121548925
0 0.9236668 0.87407786 0.11495658928280132 0.04511546667880749
0 0.30751482 0.7071186 0.186740060792814 0.06620042476349267
0 0.52887136 0.05194159 0.18623722253032593 0.05831176283161452
0 0.3672485 0.34085596 0.21621383138558425 0.06895716519185258
0 0.42285487 0.45349476 0.16934711079497897 0.04653062453475334
0 0.6762661 0.16584857 0.16961540044502732 0.05067961062467289
0 0.5492051 0.49748966 0.16733927621693484 0.05746046191481851
0 0.20939185 0.9089436 0.2000961943943362 0.06621155344339641
0 0.28256625 0.61726713 0.20625819408328103 0.0688648419192719
0 0.5088241 0.5110636 0.19679581846603386 0.06304466379237962
0 0.7861633 0.07921909 0.20550429489868546 0.05728043324799571
0 0.6050155 0.4296719 0.19179049495440417 0.047986733294606586
0 0.9517821 0.33599475 0.07689946595925458 0.03656673874647927
0 0.9575591 0.62107646 0.07221316634032865 0.04774458277718152
0 0.63555986 0.3881508 0.12160352108601884 0.04868607623594108
0 0.454845 0.8042611 0.18036083748038706 0.06317645937849999
0 0.8476682 0.06533951 0.12222511331423132 0.05081778602614401
0 0.95525193 0.39131624 0.07130387078470116 0.03677897727922112
0 0.4793023 0.7067585 0.18889324675439573 0.067616044037258
0 0.48048446 0.7590923 0.15566889888690766 0.04341236932740053
0 0.9524264 0.36141524 0.07018067496052781 0.02484738110221476
