0 0.17779025 0.7614347 0.19001638337669885 0.06936299996167518
0 0.08574366 0.6913674 0.11690665985383925 0.03970767009131965
0 0.47952482 0.48680052 0.16341862958729872 0.056860520356540295
0 0.46901226 0.18520615 0.17254041570678091 0.06053103594828466
0 0.28681126 0.46034372 0.16167793256496468 0.05040668216510028
0 0.115434006 0.51284426 0.14963098047124723 0.04558059270673313
0 0.53915703 0.7358612 0.1769573932591437 0.06340970566124503
0 0.14275873 0.6319706 0.14277911570211196 0.042788024469533566
0 0.19730715 0.07193659 0.13202023644042285 0.04641976403685841
0 0.51678187 0.93595773 0.19292583198663213 0.06164499942801895
0 0.24759722 0.5909732 0.14165498453409336 0.04800166138568132
0 0.37158918 0.92196286 0.18523941464684282 0.05888495391473446
0 0.2817373 0.3762617 0.2087117111768772 0.061635670175556434
0 0.12603822 0.88181937 0.16983096919107582 0.044409422130341276
0 0.088320605 0.13847378 0.14285503835165161 0.049618001339850275
0 0.7325662 0.43518978 0.1689852708220181 0.06121977965356785
0 0.054032173 0.46720958 0.09192478095653182 0.0373884414994294
0 0.76136565 0.92878443 0.18933270371441155 0.06999848482072378
0 0.10969504 0.5459652 0.14206130013889265 0.03533349362894354
0 0.07954875 0.82000387 0.12022469794707268 0.05725670762041984
0 0.12718494 0.569713 0.1350971567965614 0.03255278807590098
0 0.9600497 0.7423475 0.06725342840073013 0.0632082396708588
0 0.5371189 0.30415976 0.1863852867349858 0.057023711234699286
0 0.0827897 0.23664246 0.13642636594280141 0.046796297567299125
0 0.5469722 0.27605686 0.1889816846980819 0.10434007995362433
