0 0.40620476 0.7142271 0.02863008563822847 0.16018518605668192
0 0.6647452 0.18710817 0.0270521574305503 0.1442726743947943
0 0.5019365 0.6176279 0.03419074260566114 0.1807814898686551
0 0.38838944 0.29846194 0.030244483281743187 0.168029595671386
0 0.91438293 0.15157324 0.054820342635180826 0.1723476027759149
0 0.56253034 0.14658602 0.028989683247992348 0.1494739815358019
0 0.03187894 0.22024925 0.037973933044173194 0.15703633231743863
0 0.42276722 0.08422997 0.027072510930975836 0.13238236996586947
0 0.7318474 0.06814201 0.033843945348481626 0.16151640803250333
0 0.10420767 0.25550064 0.04529551107443066 0.16774727421762872
0 0.50233597 0.17101704 0.03085050432439868 0.1543652229991098
0 0.8027185 0.96142066 0.05412051280734371 0.0746215381374985
0 0.5492389 0.2324305 0.025914885093105536 0.1388397066011528
0 0.7591876 0.07470342 0.02536431207271597 0.11792178182129442
0 0.60908246 0.050932992 0.025636254718610738 0.0865165728009714
0 0.18321122 0.59052193 0.03801820889384265 0.21364326001454736
0 0.50603795 0.05528602 0.03500479729823825 0.10902395162812623
0 0.9439928 0.13067134 0.03718156614183112 0.171791501970852
0 0.21261586 0.63045317 0.032566599357620706 0.18534451571296887
0 0.24902171 0.60599774 0.04149874708013657 0.18640528778875462
0 0.9789151 0.12725724 0.03514190331022384 0.15143625531301663
0 0.94904166 0.662661 0.06385077531052225 0.23541841894815602
0 0.6422964 0.051676735 0.027103541133065505 0.08365016025579745
0 0.6739862 0.047760587 0.03665977391709771 0.08903449553285692
0 0.64261466 0.94509476 0.04620538351331478 0.10965517597293412
0 0.58845526 0.052819308 0.024974682945368185 0.08053497622738183
0 0.37207046 0.02629862 0.028705954442724828 0.05244484815960407
0 0.9899462 0.3464957 0.02198970665237292 0.15587031936067788
0 0.6704053 0.9606816 0.04109046773850748 0.11298844078546996
0 0.006596088 0.37091827 0.016492714374138923 0.16707310789686622
0 0.53261083 0.14848734 0.02887006726669332 0.14878244085141337
0 0.005978479 0.7353287 0.014222232876846295 0.14755362000980923
0 0.9846586 0.1969672 0.03473376372451801 0.22757466942594817
0 0.520527 0.016498707 0.022582499798013952 0.03164874283400633
