0 0.4622794 0.49045178 0.19772463664374304 0.06818836748831997
0 0.6806973 0.4586947 0.17848627546788093 0.05394145383304168
0 0.47458842 0.18358459 0.1751035019392215 0.06757135763835838
0 0.9055627 0.6937026 0.1184098774113697 0.04486410653847294
0 0.39577842 0.734109 0.19001811177695072 0.0668358620175562
0 0.79102224 0.75994146 0.1804199034991281 0.08212170175270067
0 0.8359907 0.6331655 0.14436231860385246 0.04495131828250107
0 0.9195919 0.46930066 0.12211256277097038 0.051242498466423356
0 0.5959473 0.9230412 0.19327450927767933 0.06392010787051274
0 0.7869806 0.07439387 0.13076270201267276 0.04473312013096466
0 0.9387671 0.8195117 0.12242597655047201 0.060382253968934034
0 0.871483 0.5251476 0.1322761404508994 0.0646005143815137
0 0.20200855 0.93223447 0.1994834334131481 0.07113014853084978
0 0.8847925 0.1418532 0.13520397270272305 0.05203032155834492
0 0.26388305 0.4376971 0.20820404763520564 0.06721085619659174
0 0.8196068 0.5962462 0.18502196415338634 0.056967094797218974
0 0.67586714 0.36854005 0.22110834490998876 0.06367513970760752
0 0.46782082 0.93867534 0.2086594647124625 0.0804303000528315
0 0.9350563 0.88420874 0.17537213656363745 0.05716330746664104
0 0.90148646 0.233534 0.13486774726038692 0.05851537353134915
0 0.4278741 0.30732346 0.20019469296036105 0.058596891524190224
0 0.86399215 0.55395633 0.16229060578365204 0.04461330321417216
0 0.9639058 0.1059254 0.060723702703225496 0.04924727422117508
0 0.7543736 0.36996946 0.11354502002649777 0.04768891296546392
0 0.04781521 0.74153674 0.07917327628334615 0.07230175178962378
0 0.3910054 0.26811418 0.17283150889584747 0.0822143767752294
0 0.16420953 0.04542235 0.1234251192061523 0.05720399203859858
